0515-634-52051 1.00980 19.01 0.71868   C    M 1.91800 0.33200 2.34500 0.42000 0.15521   0   0 good
0352-522-51789 2.10380 18.67 1.94098  C*    M 3.11300 0.57300 2.30200 0.58800 0.05383   0   0 good
0487-496-51943 0.91950 16.67 0.73021   C    M 0.30800 0.03400 0.10000 0.01800 0.10343   0   0 good
1383-461-53116 1.94090 18.68 1.33065   D    M 1.54200 0.24500 0.78000 0.23700 0.22847   0   0 good
1584-266-52943 2.48210 18.77 1.05119   A   MF 4.30100 0.29000 4.28200 0.31100 0.48478   0   0 good
0985-008-52431 1.69300 19.09 1.53498   D    M 2.43000 0.40600 1.52200 0.42800 0.06039   0   0 good
0769-410-52282 1.72330 18.77 0.86051   B    M 1.30200 0.23600 1.42900 0.23300 0.36356   0   0 good
1332-052-52781 1.81630 18.87 1.31863   C    M 1.83900 0.22400 1.92700 0.33700 0.19204   0   0 good
0306-512-51637 1.71220 19.16 1.46092   C    M 3.03600 0.32100 2.38600 0.35300 0.09693   0   0 good
0773-448-52376 1.61710 19.48 1.20399   A   MF 3.20600 0.50400 3.91300 0.48900 0.17012   0   0 good
0770-033-52282 1.06390 18.17 0.81745   A   MF 1.49600 0.13400 1.10400 0.12400 0.12648   0   0 good
1240-615-52734 1.55200 19.02 0.98602   C    M 2.85700 0.55100 2.94900 0.48400 0.24562   1   1 good
1201-061-52674 1.50730 18.63 1.32333   C    M 1.13800 0.26900 1.03900 0.18200 0.07604   0   0 good
0386-167-51788 1.63450 18.12 1.03160   A   MF 4.62300 0.28500 3.74400 0.33100 0.25417   1   1 good
1054-516-52516 3.58450 18.13 1.30159   C    M 2.79400 0.12500 2.59000 0.13800 0.59739   0   0 good
0384-438-51821 1.61070 18.37 0.61980   B   MF 1.10800 0.16300 0.64400 0.12400 0.44410   0   0 good
1233-063-52734 1.82840 19.14 1.05076   A   MF 8.68800 0.59600 7.18200 0.56900 0.31087   0   0 good
0490-488-51929 1.37680 18.32 0.87346   C    M 0.79400 0.10300 0.60100 0.07200 0.23359   0   0 good
0412-017-52258 1.51060 18.37 1.02865   A   MF 1.92800 0.20800 1.65800 0.18600 0.20997   0   0 good
0455-451-51909 1.86880 19.62 0.54413   C    M 2.15600 0.46400 2.79000 0.57400 0.55074   0   0 good
1736-473-53052 1.45540 17.74 1.05564   C    M 0.55900 0.06500 0.53700 0.12300 0.17585   0   0 good
0438-120-51884 2.73490 18.59 1.19115   B    M 1.45200 0.19400 1.79600 0.21300 0.48789   1   1 good
0882-102-52370 2.39940 18.46 0.78905   A   MF 1.62600 0.21500 1.41600 0.18200 0.56621   1   1 good
1055-336-52761 1.37340 19.04 1.05096   B    M 3.60900 0.34800 2.87600 0.35500 0.14499   0   0 good
0903-218-52400 2.26550 19.09 0.94442   C    M 2.05200 0.38200 1.86300 0.31800 0.47649   0   0 good
0827-002-52312 2.17990 18.80 1.91825   A   MF 2.90900 0.30100 2.27100 0.35300 0.08566   0   0 good
0611-519-52055 1.16740 19.07 0.79830   A   MF 4.02100 0.23500 4.15300 0.22200 0.18457   0   0 good
1058-619-52520 1.08100 17.78 0.58909   A   MF 1.56700 0.12000 1.10500 0.14000 0.26334   0   0 good
0335-212-52000 1.83600 16.66 1.26876   A   MF 6.85300 0.09600 5.51200 0.10400 0.21955   0   0 good
0390-537-51900 1.24650 17.45 0.94204   A   MF 3.51100 0.07900 3.21400 0.08000 0.14460   0   0 good
0596-085-52370 2.06640 18.50 1.00820   A   MF 3.03100 0.32100 1.97600 0.30300 0.39969   0   0 good
0734-337-52224 1.54200 17.82 1.48580   A   MF 4.32700 0.19100 3.95400 0.15300 0.02235   0   0 good
1606-204-53055 1.84960 18.75 0.79215  C*    M 1.76400 0.30100 2.71900 0.36500 0.43314   0   0 good
1216-511-52709 1.97450 18.82 1.83552   A  MCF 14.32500 1.13700 9.56400 0.85300 0.04782   0   0 good
1568-594-53169 1.39920 17.85 0.79882   A   MF 2.07600 0.13700 1.71900 0.15900 0.28031   0   0 good
1160-632-52674 1.41650 17.65 0.94091   C    M 1.21500 0.13900 0.63400 0.13400 0.21571   0   0 good
0461-284-51910 1.25760 18.71 1.05452   A   MF 3.85100 0.28100 3.31700 0.26000 0.09400   0   0 good
0913-522-52433 1.51680 18.70 0.76343   C    M 1.11100 0.15900 0.94300 0.20000 0.34146   0   0 good
1273-216-52993 3.34610 17.96 1.36018   A   MF 2.91900 0.16400 3.01300 0.16100 0.54450   0   0 good
1327-158-52781 1.62380 18.88 1.38375   A   MF 2.74600 0.27000 2.84000 0.24300 0.09564   0   0 good
1402-122-52872 1.74380 17.99 1.28222   C    M 1.92000 0.16900 1.25600 0.13400 0.18214   1   1 good
0447-442-51877 2.10380 18.37 1.81696   A   MC 2.22100 0.30900 2.38400 0.22500 0.09666   0   0 good
0450-257-51908 2.26120 17.82 1.71157   A   MF 3.60500 0.08900 3.25100 0.23200 0.18251   0   0 good
0622-607-52054 1.28050 18.82 0.90947   B    M 1.46300 0.26600 1.05100 0.24500 0.17571   0   0 good
1046-229-52460 2.24920 17.75 1.54313   C    M 2.01600 0.14200 1.45600 0.13300 0.24023   0   0 good
1203-291-52669 1.80310 19.07 1.15680   A   MF 2.88800 0.45300 2.02200 0.42700 0.25627   1   1 good
0573-365-52325 1.52250 18.04 1.37774   B    M 1.47600 0.15600 0.94900 0.16500 0.05903   0   0 good
1309-533-52762 1.26090 18.28 1.16540   A   MF 2.53800 0.20800 1.81300 0.21000 0.04311   0   0 good
0532-331-51993 1.07290 19.21 0.81036   A   MF 2.03100 0.24800 1.80500 0.23500 0.13462   0   0 good
0608-356-52081 2.29900 18.21 1.32555   C    M 1.65300 0.17100 1.45900 0.16100 0.33606   0   0 good
1381-276-53089 1.70270 18.64 1.43412   A   MF 5.45500 0.29200 4.72400 0.38100 0.10429   1   1 good
1415-517-52885 1.68770 18.44 1.17695   A   MF 4.81700 0.32000 2.04600 0.22500 0.20770   0   0 good
0302-438-51688 3.58860 18.57 1.21546   B    M 1.98500 0.14700 1.87700 0.13000 0.62191   1   1 good
1362-282-53050 2.06300 19.02 1.48004   A  MCF 9.33500 0.53000 7.50100 0.46800 0.20804   0   0 good
0640-610-52178 1.57280 18.43 0.70886   A   MF 3.27200 0.25900 4.22700 0.32000 0.38778   0   0 good
0441-508-51868 2.03840 18.96 0.87451   B    M 2.54600 0.31900 1.58100 0.32800 0.44863   0   0 good
0652-264-52138 1.85880 18.45 1.39781   A   MF 3.83400 0.24700 2.96500 0.20300 0.17405   0   0 good
0535-172-51999 2.11920 17.52 1.24147   A    F 7.28700 0.12400 14.85900 1.74200 0.31892   0   0 good
0437-199-51869 2.30740 18.97 1.33352   A   MF 3.20100 0.23800 3.00900 0.28800 0.33529   0   0 good
0439-195-51877 1.98460 18.53 1.84986   A   MF 6.60600 0.68100 5.07800 0.68900 0.04615   0   0 good
0887-375-52376 1.10940 17.97 0.48898   C    M 3.22400 0.20000 2.89800 0.20900 0.33489   0   0 good
1061-047-52641 1.42610 18.65 0.49266   D    M 1.49500 0.24700 0.95200 0.27600 0.45082   0   0 good
0487-562-51943 1.11210 19.18 1.06938   B    M 2.53200 0.34200 2.80700 0.39900 0.02042   0   0 good
0544-230-52201 1.74870 18.63 1.06371   A   MF 3.52700 0.31700 2.91500 0.25300 0.27901   0   0 good
1208-548-52672 1.57390 18.73 1.22251  C*    M 1.80300 0.30800 0.77000 0.23900 0.14576   0   0 good
0819-226-52409 1.54470 18.17 1.27066   A   MF 4.79100 0.24800 4.44100 0.31400 0.11345   0   0 good
0843-291-52378 1.93810 18.81 0.58781   B    M 1.12000 0.20200 0.92100 0.19200 0.54792   0   0 good
0508-122-52366 1.74890 18.72 1.68097   A   MF 2.92900 0.37400 2.38600 0.33100 0.02501   0   0 good
1011-082-52652 2.21970 18.35 1.49899   A   MF 11.44100 0.38700 10.53000 0.34400 0.24812   0   0 good
0599-357-52317 1.22710 19.22 0.83110   D    M 1.93000 0.36100 0.71800 0.20700 0.19331   0   0 good
0515-014-52051 1.36950 17.39 0.69941   C    M 0.86100 0.14200 0.58800 0.13200 0.32067   0   0 good
0739-001-52520 2.14130 18.08 1.39522   A   MF 2.31900 0.15500 1.95600 0.18900 0.26471   0   0 good
0850-140-52338 2.40790 18.96 1.83462   A   MF 4.88200 0.69300 4.99800 0.60000 0.18212   0   0 good
0622-590-52054 0.64690 17.38 0.42516   B    M 2.86300 0.11500 2.81900 0.10300 0.14359   0   0 good
1441-057-53083 1.30340 18.98 1.02317   A   MF 3.17800 0.27900 3.61900 0.34100 0.12902   0   0 good
0918-244-52404 1.28660 19.00 0.81234   A   MF 3.06100 0.26700 2.70500 0.29400 0.22834   0   0 good
1194-413-52703 1.78420 18.08 1.06041   C    M 0.92400 0.19200 1.36700 0.24300 0.29228   0   0 good
0876-317-52669 1.91670 18.97 0.74650   A   MF 3.32500 0.26700 2.31100 0.23400 0.47214   0   0 good
0905-408-52643 1.15880 19.00 0.78920   A   MF 2.68600 0.27700 2.38100 0.30900 0.18561   0   0 good
0831-118-52294 2.19650 17.20 1.46955   A   MF 2.22500 0.10900 1.79800 0.14700 0.25245   0   0 good
1610-461-53144 1.41060 18.43 0.65668   A   MF 3.69800 0.16700 3.48300 0.19700 0.35840   0   0 good
0292-511-51609 2.09360 18.78 1.32690   A   MF 5.13600 0.26900 4.62400 0.24600 0.27733   0   0 good
1019-372-52707 1.69330 18.47 0.95857   C    M 3.38900 0.41500 1.77900 0.36800 0.30821   0   0 good
0888-600-52339 2.19070 18.61 1.29852   A   MF 4.27100 0.19000 3.67900 0.22900 0.31670   0   0 good
0399-419-51817 1.55580 18.24 1.03323   C    M 1.81400 0.25800 1.73200 0.33100 0.22484   0   0 good
1585-034-52962 1.81510 16.98 0.75128   A   MF 0.81700 0.11000 0.61300 0.09000 0.44194   0   0 good
1345-578-52814 2.36460 17.49 1.40071   D    M 0.97900 0.13900 0.40000 0.11900 0.32529   0   0 good
1461-604-53062 1.11320 18.67 0.61890   B    M 1.18400 0.20000 0.73900 0.15600 0.26030   0   0 good
1780-532-53090 1.28970 18.55 0.90199   A   MF 4.73100 0.19600 4.38000 0.19900 0.18342   0   0 good
0778-540-52337 2.89700 19.30 1.59219   A   MF 7.13800 0.64600 5.02100 0.39800 0.38652   0   0 good
0435-157-51882 2.94210 17.79 1.95426   A    M 2.89900 0.26400 2.11800 0.43900 0.28072   0   0 good
1011-038-52652 0.98320 18.74 0.38467   D    M 3.84500 0.72300 1.86300 0.53100 0.34457   0   0 good
0584-524-52049 1.74400 17.57 1.56767   A  MCF 2.05000 0.12200 1.86400 0.14200 0.06634   0   0 good
0965-224-52438 1.28580 18.57 1.04310   A   MF 4.60200 0.25600 4.36100 0.26900 0.11178   0   0 good
1019-278-52707 1.44800 18.38 0.63825   B    M 2.52100 0.20800 2.39800 0.16100 0.38135   0   0 good
0953-614-52411 1.52330 18.90 1.48782   A    M 3.71100 0.31900 3.12200 0.33800 0.01416   1   1 good
1747-116-53075 1.85280 19.15 1.04862   C    M 2.58400 0.47100 1.11100 0.23500 0.31955   0   0 good
0629-021-52051 1.94720 17.93 1.22593   B    M 1.62500 0.18200 1.67500 0.17600 0.27354   0   0 good
0286-126-51999 2.99470 18.38 2.03063   A   MF 5.55300 1.18500 2.70100 0.70800 0.26939   0   0 good
1230-435-52672 2.52320 18.52 1.35697   A   MF 1.89100 0.21600 1.98100 0.23900 0.38165   0   0 good
0469-123-51913 1.78280 18.68 1.14640   A   MF 5.85100 0.36100 5.14500 0.34300 0.25397   0   0 good
0820-153-52438 2.11680 17.96 1.38551   C    M 0.78300 0.11900 0.73400 0.12000 0.26120   0   0 good
0792-490-52353 1.95410 19.12 0.66465   A   MF 3.48900 0.37500 2.28400 0.39000 0.51799   0   0 good
1277-243-52765 2.56470 18.19 1.56132   B    M 1.28100 0.18200 0.98700 0.19800 0.31903   0   0 good
1353-503-53083 2.30290 18.93 0.70468   A   MF 2.58500 0.32200 2.25800 0.34400 0.57930   0   0 good
0750-082-52235 2.24050 18.30 0.96335   A   MF 5.25200 0.26100 4.15500 0.24700 0.46296   0   0 good
1199-059-52703 1.18430 18.40 1.09591   D    M 1.51300 0.29500 0.84800 0.24700 0.04127   0   0 good
1264-154-52707 2.15510 18.46 0.52874   A   MF 1.56400 0.24200 0.88600 0.17600 0.61974   0   0 good
0876-557-52669 1.87960 18.53 1.69850   A   MF 3.57500 0.29800 2.11300 0.26200 0.06485   0   0 good
0496-260-51988 1.70080 18.11 1.13322   A   MF 2.51200 0.22800 2.42700 0.24100 0.23164   1   1 good
0307-258-51663 1.27530 18.25 0.73760   A   MF 1.91600 0.19200 2.07100 0.18500 0.26325   0   0 good
0990-485-52465 2.03550 18.82 1.60423   A   MF 7.13500 0.72700 4.59700 0.43600 0.15206   0   0 good
1324-260-53088 1.97190 18.43 0.82786   A   MF 3.63900 0.20000 2.98900 0.20500 0.45108   0   0 good
0778-084-52337 1.84270 18.58 1.03576   C    M 1.70400 0.23800 1.52200 0.25000 0.32201   0   0 good
0512-113-51992 1.19460 17.37 0.96492   A   MF 4.17100 0.08000 3.93800 0.08500 0.11008   0   0 good
1282-058-52759 1.42680 17.80 0.60040   A   MF 3.10300 0.21500 3.09700 0.22100 0.39382   0   0 good
0942-554-52703 2.04780 18.42 0.82078   C    M 1.08400 0.17200 0.63500 0.15900 0.47395   0   0 good
0489-218-51930 1.25470 18.58 0.76609   A   MF 1.94900 0.21900 1.81100 0.26400 0.23951   0   0 good
0629-520-52051 1.88770 17.52 1.52094   A   MC 3.18500 0.13900 2.23700 0.13700 0.13499   1   1 good
1604-421-53078 1.72100 18.42 0.61168   B    M 1.84500 0.22200 1.23800 0.17000 0.48057   0   0 good
1002-271-52646 2.31590 18.19 0.77672   C    M 1.01100 0.14100 0.92500 0.12700 0.55387   0   0 good
1596-122-52998 3.27920 18.11 1.53611   C    M 1.11600 0.21400 1.06500 0.22100 0.48011   0   0 good
0341-122-51690 2.01210 18.92 1.28547   B    M 2.35000 0.28800 2.33500 0.28600 0.26927   0   0 good
0377-321-52145 2.82310 19.20 1.25965   A    F 2.19000 0.40500 3.42400 0.43500 0.48220   0   0 good
1195-273-52724 1.93840 19.11 0.50686   D    M 2.34000 0.52900 0.90400 0.28800 0.58355   0   0 good
1448-243-53120 1.36880 18.06 1.05793   C    M 1.78300 0.19000 1.22400 0.15600 0.13978   0   0 good
0625-155-52145 1.67790 17.85 1.54402   A   MF 3.37300 0.16100 2.99400 0.14400 0.05126   0   0 good
1315-143-52791 3.00170 18.32 1.43822   D    M 2.04400 0.24400 1.31200 0.33500 0.45853   0   0 good
1327-044-52781 1.63770 19.16 1.54463   A    M 3.68000 0.43800 3.53200 0.51900 0.03589   0   0 good
0441-348-51868 1.37480 18.71 0.75412   A   MF 2.04300 0.20500 1.52600 0.17700 0.29400   0   0 good
0545-077-52202 0.86290 18.06 0.57883   C    M 1.65500 0.18200 0.95100 0.18000 0.16398   0   0 good
1211-227-52964 1.97720 18.92 1.79342   A  MCF 2.30200 0.46900 4.41300 0.49600 0.06363   1   1 good
0780-576-52370 1.70050 18.99 1.34890   C    M 1.73200 0.34100 1.26900 0.30700 0.13860   0   0 good
1299-025-52972 2.05430 18.92 1.30723   C    M 1.75700 0.27000 1.35400 0.26700 0.27336   0   0 good
1360-626-53033 2.18360 18.66 1.83846   A   MF 3.40200 0.54500 3.36600 0.47500 0.11425   0   0 good
0663-459-52145 1.84960 18.56 1.68129   B    M 2.69900 0.31700 1.95200 0.22000 0.06079   0   0 good
1367-101-53083 2.17950 19.09 0.81958   D    M 1.54500 0.35000 0.77600 0.20700 0.50657   0   0 good
0738-575-52521 2.36400 18.83 1.28475   D    M 1.10700 0.16100 0.58000 0.16500 0.36867   0   0 good
0985-321-52431 1.29510 17.96 0.64709  C*    M 0.78700 0.13200 0.60600 0.15800 0.32013   0   0 good
0719-548-52203 1.00930 19.11 0.71031   C    M 1.97500 0.31000 1.63200 0.30700 0.15975   0   0 good
0419-560-51879 1.63130 17.81 1.14518   C    M 0.87100 0.12000 0.83300 0.13900 0.20146   0   0 good
0783-300-52325 1.87960 18.59 1.78405   A  MCF 5.15700 0.38600 3.95200 0.40300 0.03372   0   0 good
0505-169-52317 2.07440 18.36 1.08780   A   MF 7.81900 0.23900 6.59800 0.23700 0.36878   0   0 good
0996-210-52641 1.77370 18.68 1.65629   A   MC 4.53200 0.50100 1.83700 0.36800 0.04323   0   0 good
0815-420-52374 1.29820 18.31 0.67799   A   MF 1.04200 0.18900 0.70000 0.19500 0.30456   0   0 good
0457-212-51901 1.59330 18.61 0.52643   D    M 1.63900 0.22100 0.95200 0.27600 0.48537   0   0 good
0445-043-51873 2.07240 18.81 1.17495   D    M 1.43600 0.29100 1.36200 0.36400 0.33235   1   1 good
0551-278-51993 1.36410 19.00 0.96603   A   MF 2.42700 0.26100 2.08200 0.26200 0.18234   0   0 good
1048-501-52736 1.37790 18.36 1.27826   A   MF 3.96400 0.19300 3.46900 0.17800 0.04278   0   0 good
0385-204-51877 2.08640 17.15 2.05449   A    F 5.32100 0.15600 4.83800 0.14100 0.01039   0   0 good
1586-065-52945 1.70240 18.51 1.23754   B    M 2.51800 0.25000 1.79100 0.19000 0.18656   0   0 good
1428-567-52998 1.25930 18.81 0.93816   A   MF 1.26600 0.19200 1.72400 0.23800 0.15212   0   0 good
0944-208-52614 1.96730 17.59 1.17250   C    M 1.12800 0.07300 0.74400 0.07400 0.30204   0   0 good
0940-085-52670 1.95700 16.19 1.37249   A   MF 2.77500 0.06400 2.27400 0.06700 0.21675   1   1 good
1599-464-53089 1.50960 18.65 1.00997   A   MF 3.73200 0.30700 3.71100 0.37000 0.21842   0   0 good
1263-493-52708 1.17530 19.43 0.85654   C    M 1.69900 0.30800 1.04600 0.21200 0.15715   0   0 good
1590-040-52974 1.19270 19.05 0.72974   A   MF 2.83900 0.23000 2.15500 0.23500 0.23283   0   0 good
0944-473-52614 1.92550 18.47 1.07289   C    M 1.35800 0.15900 1.39800 0.17600 0.33149   0   0 good
1347-514-52823 2.16490 18.53 0.75832   A   MF 1.67300 0.18200 1.46400 0.18800 0.52828   0   0 good
0910-116-52377 2.42830 19.06 0.96665  C*    M 1.17400 0.29100 0.95100 0.31500 0.50481   0   0 good
0544-229-52201 1.81870 19.18 1.71808   A    M 3.22600 0.72000 1.75100 0.41900 0.03632   0   0 good
0926-035-52413 2.02160 18.30 1.37958   B    M 1.63900 0.23500 0.80800 0.16200 0.23441   0   0 good
0513-368-51989 0.76740 18.35 0.70641   A   MF 1.81300 0.14400 1.06200 0.12400 0.03512   0   0 good
0777-264-52320 1.71980 18.57 0.54478   A    M 0.90900 0.22700 0.72200 0.16600 0.51219   0   0 good
0302-185-51688 1.94810 19.04 0.93220   A   MF 2.39600 0.26800 1.46100 0.25200 0.39903   0   0 good
0985-237-52431 1.93130 19.09 1.23115   A   MF 1.83500 0.43700 2.02400 0.38300 0.26634   0   0 good
0661-088-52163 1.23450 19.04 0.58469   C    M 2.93400 0.53600 3.15700 0.64700 0.33069   0   0 good
1282-021-52759 1.46500 18.55 1.30350   B    M 2.22700 0.22600 1.02900 0.23100 0.06768   0   0 good
0594-128-52045 1.39570 17.87 1.21141   A   MF 4.68400 0.15300 4.28200 0.15200 0.07987   0   0 good
1270-348-52991 1.56200 19.03 1.00083   A   MF 3.39500 0.38900 1.93500 0.30200 0.24232   0   0 good
1697-104-53142 1.91630 18.89 1.60118   A   MC 3.62900 0.70100 1.84900 0.29100 0.11384   0   0 good
0819-324-52409 1.81510 18.16 1.56611   A   MC 1.94800 0.19900 1.69700 0.26600 0.09233   0   0 good
0640-610-52178 1.57280 18.43 0.71091   C    M 2.06600 0.23500 1.30500 0.21600 0.38676   0   0 good
0729-512-52468 3.26210 18.89 1.66424   A   MF 3.24700 0.44400 3.40700 0.64400 0.43808   0   0 good
0605-095-52353 1.93870 18.40 0.71972   B    M 2.11600 0.24500 1.86900 0.22500 0.48982   1   1 good
0793-172-52370 2.99300 18.77 1.31137   C    M 1.34800 0.20400 1.08800 0.17500 0.49805   0   0 good
1324-620-53088 2.12630 19.11 1.94471   A  MCF 9.85700 0.73000 9.68700 0.67400 0.05977   0   0 good
1015-145-52734 2.05950 18.73 0.81493   B    M 0.79000 0.18400 0.72000 0.15400 0.47939   0   0 good
1167-220-52738 1.08270 18.69 0.73508   A   MF 2.41300 0.24600 2.10400 0.29000 0.18059   0   0 good
1383-461-53116 1.94090 18.68 1.61733   A   MC 2.50000 0.39800 2.52500 0.23700 0.11604   0   0 good
0512-422-51992 2.51470 17.98 1.48128   C    M 2.01000 0.23700 0.93000 0.20600 0.33476   0   0 good
1158-023-52668 1.41910 18.90 0.81290   C    M 1.92900 0.18200 1.80200 0.24100 0.28073   0   0 good
0573-593-52325 1.55180 18.89 0.91973   D    M 1.56500 0.34300 0.93300 0.29300 0.27719   0   0 good
1225-417-52760 1.96730 18.89 0.97838   B    M 3.98000 0.44800 4.17400 0.42400 0.38452   0   0 good
0754-319-52232 3.67140 18.39 1.80251   A   MF 4.75500 0.34100 3.39700 0.52900 0.47067   0   0 good
0773-419-52376 2.01870 18.37 1.28826   C    M 1.58700 0.17900 1.59300 0.21700 0.27017   0   0 good
0445-374-51873 1.54230 19.20 1.51594   B    M 2.68400 0.27800 2.41000 0.27500 0.01042   0   0 good
0327-308-52294 1.87000 18.73 1.62306   A  MCF 8.45800 0.67500 6.65200 0.39100 0.08973   0   0 good
0832-214-52312 2.15750 18.81 0.84234   A   MF 7.27000 0.28300 6.94000 0.29400 0.49204   0   0 good
0850-400-52338 0.76120 17.96 0.48512   B    M 2.60100 0.15900 2.07000 0.16200 0.16889   0   0 good
1230-423-52672 1.78830 18.44 1.42401   C    M 1.49800 0.20700 1.12200 0.25800 0.13912   0   0 good
0533-579-51994 2.47190 18.81 1.11423   A   MF 2.09900 0.25600 1.63800 0.23300 0.45898   0   0 good
1289-507-52734 1.06440 18.62 0.98674   C    M 1.72100 0.20500 1.73900 0.25000 0.03834   0   0 good
0656-475-52148 1.71540 18.70 0.75921   A   MF 3.09000 0.29200 2.68000 0.30800 0.40873   0   0 good
0766-233-52247 1.91110 18.93 1.54611   C    M 2.40600 0.37400 2.14800 0.37500 0.13317   0   0 good
1299-500-52972 1.75300 18.94 0.89411   C    M 2.16100 0.27900 1.75400 0.32800 0.35744   1   1 good
1449-377-53116 2.00170 17.95 1.80004   A  MCF 4.26400 0.32900 2.83500 0.23600 0.06943   0   0 good
1284-140-52736 2.94550 17.62 1.31782   B   MF 2.79300 0.12500 2.01800 0.12900 0.48688   1   1 good
0524-054-52027 1.99630 17.99 1.00082   C    M 1.25800 0.17000 1.18700 0.16900 0.38323   0   0 good
0490-068-51929 1.48250 18.36 0.45910   D    M 1.05000 0.25400 0.47100 0.13200 0.48649   0   0 good
0532-606-51993 1.35500 17.32 0.90550   A   MF 2.04300 0.09300 1.97600 0.10600 0.20867   0   0 good
1200-363-52668 0.80940 18.30 0.51031   B    M 2.57300 0.16900 2.36600 0.17800 0.17875   0   0 good
1337-208-52767 1.51460 19.04 1.05797   A   MF 7.06300 0.73300 5.26000 0.67800 0.19774   0   0 good
1184-060-52641 2.77560 18.58 0.91300   A    M 4.47300 0.28200 4.64000 0.30600 0.59144   0   0 good
1040-373-52722 2.26350 18.57 1.29349   B    M 1.52500 0.31200 1.69500 0.31100 0.33880   1   1 good
0946-330-52407 1.96850 17.01 1.70009   A  MCF 2.50600 0.09100 2.17300 0.12800 0.09450   0   0 good
1409-078-52824 1.61750 19.15 1.50459   C    M 3.04500 0.58100 1.94000 0.36800 0.04407   0   0 good
1451-605-53117 3.09600 17.67 1.51209   A   MF 4.03500 0.15000 3.24700 0.15500 0.45334   0   0 good
0460-588-51924 1.81990 19.26 1.42337   B    M 3.02800 0.31900 3.06000 0.30600 0.15041   0   0 good
1191-192-52674 1.49950 18.60 0.68742   B    M 3.10300 0.26500 2.30100 0.26900 0.37384   0   0 good
1218-607-52709 1.96760 18.61 1.74918   A   MF 7.79300 0.20600 10.17600 0.34200 0.07631   0   0 good
0625-333-52145 1.53130 18.71 1.41523   C    M 1.44400 0.22100 1.94400 0.29700 0.04691   0   0 good
0786-012-52319 1.94490 18.96 1.41561   A   MF 4.78600 0.29700 4.46000 0.27000 0.19558   0   0 good
0495-566-51988 1.89090 18.93 1.48329   A   MF 3.56100 0.36300 3.61900 0.29800 0.15082   0   0 good
0666-204-52149 1.38060 18.53 0.71451   B    M 1.32700 0.17100 0.65400 0.12400 0.31691   0   0 good
1425-432-52913 1.78320 18.99 0.73979  C*    M 2.72000 0.39200 2.87400 0.76300 0.43808   0   0 good
1192-530-52649 1.03180 18.49 0.81849   A   MF 3.29500 0.15100 3.51600 0.16800 0.11045   0   0 good
0888-234-52339 1.50350 19.09 0.86672   A   MF 2.86500 0.36800 2.90800 0.37300 0.28535   0   0 good
0743-121-52262 1.38760 18.30 1.21138   A   MF 2.52000 0.17600 2.27700 0.17900 0.07654   0   0 good
0666-259-52149 1.56470 19.04 0.44399   C    M 2.84800 0.27800 1.50300 0.30700 0.51860   0   0 good
1226-233-52734 3.14790 18.16 2.09261   A    F 16.89300 1.14000 17.44100 1.21600 0.28544   0   0 good
0333-388-52313 2.02740 18.37 1.87938   A   MC 2.47300 0.34800 1.26800 0.26800 0.05010   0   0 good
0505-177-52317 1.32850 18.66 0.59521   C    M 1.53800 0.21700 1.45600 0.20900 0.36116   0   0 good
0923-333-52404 1.86310 18.01 1.79288   A  MCF 3.40600 0.24000 2.67000 0.22700 0.02481   0   0 good
0450-131-51908 2.29920 18.93 0.78364   A   MF 6.08400 0.22400 6.67700 0.21600 0.54766   0   0 good
1366-351-53063 1.81920 17.07 1.30243   A   MF 3.04400 0.09400 2.44300 0.09900 0.19976   0   0 good
1396-056-53112 1.61970 18.38 1.57854   A   MF 6.67900 0.24400 6.14800 0.22200 0.01582   0   0 good
1601-318-53115 1.15800 18.15 0.66865   A   MF 5.10500 0.23100 4.15300 0.22500 0.25166   0   0 good
1265-475-52705 1.69320 18.68 0.68947   A   MF 5.02300 0.33600 3.59800 0.32800 0.43522   0   0 good
0603-487-52056 1.42330 18.60 0.86017   A   MF 1.74600 0.24000 1.25500 0.21200 0.25846   0   0 good
1447-207-53120 2.15780 18.34 1.52650   C   MC 2.61500 0.20100 1.50000 0.18200 0.21943   0   0 good
0834-048-52316 1.94670 18.95 1.30340   A   MF 1.74800 0.34600 2.04200 0.30800 0.24145   0   0 good
0442-528-51882 2.82700 16.95 1.45182   A   MF 2.41400 0.09100 1.65700 0.09900 0.41798   0   0 good
0820-152-52438 1.86760 19.31 1.60356   B   MC 4.36500 0.65700 3.36900 0.63000 0.09631   0   0 good
0991-138-52707 1.17150 18.06 0.57338   A   MF 2.60100 0.27500 2.37300 0.23300 0.31149   0   0 good
0989-355-52468 2.13310 18.42 1.68451   A   MF 2.03100 0.21600 1.99100 0.27200 0.15331   0   0 good
1587-492-52964 1.64350 17.58 1.17139   A    M 1.19600 0.12300 1.33900 0.12000 0.19424   0   0 good
1581-072-53149 1.64350 19.15 1.56196  C*    M 1.45400 0.33400 2.32400 0.39400 0.03130   0   0 good
0973-629-52426 1.89420 18.98 1.82996   A  MCF 6.72000 0.65100 9.09100 0.54700 0.02245   0   0 good
0754-232-52232 0.82440 18.81 0.78346   A   MF 3.54900 0.19800 2.65800 0.18400 0.02270   0   0 good
0958-308-52410 0.96050 18.82 0.59201   C    M 1.52900 0.27000 1.35900 0.32700 0.20526   0   0 good
1423-014-53167 2.24080 18.74 1.19599   C    M 1.21700 0.23600 1.41900 0.22900 0.37066   0   0 good
0950-447-52378 1.14910 18.07 0.95113   A   MF 3.08400 0.23600 2.94100 0.20700 0.09633   0   0 good
1216-247-52709 1.56600 17.59 0.80851   A   MF 1.41000 0.14300 1.18000 0.12800 0.33623   1   1 good
1213-640-52972 2.32820 18.57 0.93315   C    M 1.01000 0.17700 1.10200 0.19500 0.49547   0   0 good
1202-493-52672 2.10250 18.50 1.74041   A   MC 2.65100 0.33700 1.72200 0.24500 0.12347   0   0 good
0485-236-51909 1.90300 19.04 1.61316   A  MCF 4.53500 0.37800 4.00400 0.38300 0.10480   1   1 good
1162-190-52668 1.83930 18.41 1.32536   A   MF 3.08300 0.34100 3.67800 0.32000 0.19706   0   0 good
0906-405-52368 3.67110 18.82 1.16968   C    M 3.40900 0.34900 2.72200 0.33200 0.64508   0   0 good
1604-421-53078 1.72100 18.42 1.05745   A   MF 5.61300 0.33700 5.49500 0.36800 0.27247   0   0 good
0434-099-51885 3.11310 17.55 1.06811   A    M 2.77800 0.10800 2.83700 0.09800 0.59640   0   0 good
0412-621-52258 3.20030 19.15 1.42001   A   MF 10.35800 0.42500 8.04500 0.35100 0.50155   0   0 good
0288-447-52000 1.27820 19.07 1.23781   A   MF 2.09700 0.34200 2.08400 0.34700 0.01789   0   0 good
0534-464-51997 1.83850 18.84 1.75380   A  MCF 11.00800 0.51300 10.74200 0.89300 0.03028   1   1 good
1049-579-52751 1.40070 17.25 1.35437   A   MF 4.37200 0.10200 4.11700 0.09300 0.01950   0   0 good
0599-427-52317 1.54910 16.75 0.37332   C    M 1.10700 0.12600 0.92500 0.11900 0.55010   0   0 good
0621-486-52055 3.64790 18.16 1.78326   A    M 3.89400 0.31900 2.66300 0.28500 0.47212   1   1 good
0658-562-52146 1.68380 17.77 0.89418   B    M 1.96000 0.15300 1.09200 0.15200 0.33499   0   0 good
0436-479-51883 1.16710 19.03 1.13158   B    M 3.65000 0.29700 2.51000 0.28800 0.01655   0   0 good
1596-289-52998 2.05900 18.27 0.89870   A   MF 3.86600 0.23300 3.77600 0.23400 0.44378   0   0 good
1760-078-53086 1.19350 18.45 1.09224   B    M 2.64300 0.31500 2.21800 0.37500 0.04721   0   0 good
0439-421-51877 1.84820 18.34 0.73507   A   MF 1.65600 0.16100 1.61200 0.15000 0.45867   0   0 good
0781-356-52373 0.96510 18.32 0.55760   B   MF 2.58500 0.25600 3.23500 0.25600 0.22830   0   0 good
1436-512-53054 1.12550 17.30 0.89829   A   MF 0.90300 0.07200 0.85500 0.09900 0.11258   0   0 good
1415-547-52885 1.72380 19.08 0.46138   B    M 3.71000 0.50100 2.80300 0.40700 0.55296   0   0 good
0606-606-52365 0.89360 19.35 0.75362   C    M 1.91400 0.31700 1.13500 0.22700 0.07664   0   0 good
1698-304-53146 1.65200 18.27 1.15779   A   MF 2.73300 0.28600 3.03700 0.33600 0.20337   0   0 good
0436-084-51883 1.94910 19.13 1.30245   A   MF 3.82300 0.34200 2.58800 0.35200 0.24258   0   0 good
0905-408-52643 1.15880 19.00 0.76101   C    M 1.60100 0.34100 1.61000 0.27600 0.20089   0   0 good
0541-122-51959 1.10170 18.93 0.81463   A   MF 2.52900 0.18700 3.14800 0.23200 0.14580   0   0 good
1679-505-53149 1.94310 18.40 0.78982   C    M 0.73000 0.15400 0.85100 0.15200 0.46002   0   0 good
0930-326-52618 2.08150 19.50 1.65395   A   CF 8.49400 0.59800 6.33300 0.59700 0.14828   0   0 good
0445-578-51873 2.18460 18.70 1.58244   A  MCF 2.69100 0.35300 2.03100 0.43300 0.20657   1   1 good
0767-516-52252 2.10290 19.12 1.29170   A    M 2.82500 0.30400 1.96500 0.31800 0.29411   1   1 good
1305-019-52757 1.98130 16.73 1.72332   C    M 1.38800 0.15400 1.05900 0.15200 0.09026   0   0 good
0533-602-51994 1.94640 18.66 0.97707   A   MF 1.12400 0.22400 0.84300 0.16800 0.37908   0   0 good
1604-503-53078 3.18290 17.88 1.47690   B    M 2.14800 0.17000 1.37300 0.15300 0.48077   1   1 good
0653-640-52145 1.61820 17.67 1.46524   C    M 1.25900 0.15900 0.47900 0.06700 0.06013   0   0 good
1383-096-53116 1.35890 19.01 1.23328   C    M 3.88200 0.36100 3.52200 0.39900 0.05466   0   0 good
0761-043-52266 2.16750 19.07 1.14021   A   MF 4.27100 0.28500 4.63000 0.24800 0.37311   0   0 good
0649-236-52201 1.52230 18.88 0.83460   A   MF 1.84300 0.29600 2.53200 0.29200 0.30801   0   0 good
1600-133-53090 1.24170 18.70 0.88085   C    M 3.13000 0.31400 1.15800 0.21900 0.17375   0   0 good
0833-586-52314 1.10120 18.89 0.86479   A   MF 4.42400 0.32000 4.46000 0.33700 0.11880   0   0 good
1742-602-53053 1.72520 18.89 0.73274   C    M 1.67400 0.30200 1.47800 0.33800 0.42422   0   0 good
1604-527-53078 1.48830 18.66 1.42324   C    M 1.92600 0.29000 1.56500 0.32000 0.02650   0   0 good
0722-190-52224 3.22270 17.81 0.91699   C    M 1.63500 0.14200 1.86300 0.12900 0.65825   0   0 good
0443-051-51873 2.36240 19.09 0.65225   A    M 3.04200 0.32000 3.10600 0.28200 0.61100   0   0 good
0718-069-52206 1.60490 18.28 0.63005   A   MF 1.91300 0.19100 2.24000 0.21100 0.43721   0   0 good
1290-458-52734 1.34040 18.80 1.07777   A   MF 1.92900 0.35100 2.29200 0.37300 0.11848   0   0 good
0915-603-52443 1.83500 18.38 1.46326   A   MF 6.27300 0.31300 5.47100 0.32600 0.13964   1   1 good
1208-058-52672 1.56660 18.77 1.30065   D    M 1.37700 0.27700 1.09500 0.28300 0.10896   0   0 good
1593-050-52991 3.16820 19.07 1.53792   B    M 2.37200 0.46400 2.08600 0.33100 0.45907   0   0 good
1759-628-53081 1.53410 18.89 0.84335   B    M 1.79600 0.35300 1.54900 0.33200 0.30794   1   1 good
0902-562-52409 1.89000 17.45 1.76781   A  MCF 10.79100 0.17400 9.72600 0.35500 0.04316   0   0 good
0477-190-52026 1.64490 18.18 0.82472   C    M 1.01200 0.16700 0.48900 0.11100 0.35504   0   0 good
1049-523-52751 3.20850 19.02 1.91167   B    M 4.76800 0.77600 3.58200 0.76600 0.35258   0   0 good
1329-178-52767 1.92750 18.66 1.03673   B    M 2.88300 0.41200 1.28400 0.30900 0.34769   0   0 good
1372-535-53062 1.81590 18.46 1.54133   B    C 0.87100 0.14700 2.22900 0.23900 0.10224   0   0 good
1271-617-52974 3.54430 18.45 1.95164   A   MF 23.98100 1.15500 30.50000 1.66600 0.40659   1   1 good
1347-605-52823 1.68070 19.10 1.50505   B    M 6.33600 0.37200 4.35900 0.28600 0.06768   1   1 good
0848-358-52669 1.93240 18.54 1.05302   A   MF 3.79200 0.28500 2.71000 0.27700 0.34214   1   1 good
0498-296-51984 2.37270 18.00 1.74160   A  MCF 4.02600 0.16900 3.19800 0.14900 0.20426   0   0 good
1050-315-52721 1.20890 17.30 0.97737   A   MF 1.63700 0.11800 1.03500 0.11700 0.11027   0   0 good
1780-143-53090 1.74060 19.14 0.92898   C    M 1.77600 0.37900 1.32900 0.29300 0.33744   0   0 good
0556-548-51991 1.48640 18.70 0.78186   A   MF 2.40600 0.17500 2.34300 0.18500 0.32136   0   0 good
0766-608-52247 1.89920 18.91 1.21873   A    M 1.87300 0.30500 2.46400 0.34300 0.26131   0   0 good
1284-140-52736 2.94550 17.62 1.36164   A   MF 2.81100 0.12400 2.29100 0.12200 0.47246   1   1 good
0950-270-52378 2.25300 17.70 1.51024   A   MF 12.30100 0.22100 8.65800 0.19200 0.25354   0   0 good
1362-609-53050 1.56100 18.77 0.96764   A   MF 2.21200 0.26700 1.83700 0.23700 0.25763   0   0 good
1420-577-53146 2.87100 19.14 1.13778   C    M 2.00500 0.20000 1.12600 0.16400 0.53258   0   0 good
0630-375-52050 1.47540 18.85 1.38053  C*    M 1.49800 0.24200 0.80800 0.20600 0.03906   0   0 good
0945-625-52652 1.66860 17.95 1.54965   A   MC 0.79600 0.12800 0.73700 0.14700 0.04557   1   1 good
0421-510-51821 1.51050 19.11 1.45377   A    M 2.70800 0.31800 1.47500 0.24600 0.02285   0   0 good
1273-094-52993 0.76740 19.17 0.45658   B    M 2.56500 0.54600 2.89300 0.55900 0.19106   0   0 good
0572-393-52289 3.15510 18.62 1.18058   A   MF 3.14100 0.29200 2.00100 0.21500 0.56812   0   0 good
0794-400-52376 1.35630 18.03 0.93860   A   MF 1.81300 0.15100 1.67100 0.15300 0.19268   0   0 good
0838-084-52378 1.38200 18.53 0.69561   B    M 1.93000 0.27000 1.57600 0.27400 0.32738   0   0 good
1609-431-53142 0.67920 18.77 0.62555   C    M 1.32100 0.25300 1.12600 0.23900 0.03247   0   0 good
1049-393-52751 1.80140 18.11 1.37679   B    M 1.01400 0.18900 0.46700 0.14900 0.16291   1   1 good
0762-187-52232 1.84590 18.98 1.47085   A   MF 5.56900 0.36200 5.62200 0.38100 0.14038   0   0 good
0473-203-51929 2.05740 18.31 1.42755   A   MF 5.75100 0.20300 4.24500 0.17700 0.22667   0   0 good
1734-519-53034 1.58030 18.77 0.69851   B    M 1.96600 0.27200 1.89800 0.38000 0.39538   0   0 good
0502-536-51957 1.12950 18.58 1.02108   C    M 1.40100 0.15200 0.83200 0.16400 0.05220   0   0 good
0878-284-52353 1.85190 18.93 1.68614   B    C 2.27600 0.32500 1.32600 0.33100 0.05980   0   0 good
1162-425-52668 1.95980 18.58 1.73328   A   MC 2.38300 0.40000 1.23500 0.30200 0.07947   1   1 good
0498-392-51984 1.73880 16.80 1.39129   C    M 0.64300 0.06400 0.54100 0.06500 0.13487   0   0 good
0432-365-51884 1.68000 18.92 1.57602   A    F 3.77100 0.27900 4.17900 0.29200 0.03957   0   0 good
1697-627-53142 2.13250 18.52 1.50111   A   MF 4.44400 0.17800 4.06100 0.18200 0.22139   0   0 good
0645-489-52203 2.46620 18.33 0.88207   A   MF 1.05400 0.14900 0.73600 0.15400 0.54461   0   0 good
0946-226-52407 2.13940 18.28 1.76251   A  MCF 5.86800 0.34500 5.98300 0.40600 0.12720   1   1 good
0630-015-52050 1.06660 19.10 0.74395   A   MF 2.77100 0.26200 2.09000 0.27900 0.16815   0   0 good
0617-449-52072 2.16060 19.05 0.98479   A   MF 2.55600 0.31800 1.86700 0.31000 0.43436   0   0 good
0367-412-51997 1.42220 18.87 0.90043   C    M 2.96100 0.26700 1.80400 0.32800 0.23796   0   0 good
1238-403-52761 3.69350 19.30 1.89977   A   MF 7.42000 0.61600 5.07700 0.42000 0.44749   0   0 good
0419-560-51879 1.63130 17.81 0.59197   C    M 0.76900 0.09500 0.46800 0.11000 0.46408   0   0 good
0971-576-52644 1.87200 18.66 1.51933   A    M 3.45400 0.37900 2.39500 0.30500 0.13026   1   1 good
1350-230-52786 1.64660 18.68 1.37727   B    M 2.51800 0.29600 2.13500 0.30500 0.10691   0   0 good
1176-514-52791 1.33900 17.51 1.14601   A   MF 1.69600 0.10500 1.25100 0.10700 0.08590   0   0 good
0545-089-52202 1.60650 18.64 1.29765   C    M 3.21500 0.26300 2.36300 0.29400 0.12544   0   0 good
1440-422-53084 2.89700 19.01 1.26432   A   MF 8.27700 0.54900 11.69100 0.54900 0.49521   0   0 good
0299-386-51671 1.15050 17.73 0.62341   B    M 1.29900 0.12800 1.00900 0.11700 0.27400   0   0 good
0473-251-51929 1.21160 19.04 0.82754   A   MF 4.60200 0.27800 3.44600 0.23600 0.18848   0   0 good
1773-455-53112 1.50260 18.38 1.25384   B    F 0.83600 0.20000 0.80700 0.15600 0.10432   0   0 good
1376-539-53089 2.22380 18.96 1.62361   B    M 1.89500 0.46700 2.15700 0.55900 0.20313   0   0 good
1304-577-52993 3.03490 19.57 1.56561   B    M 2.38300 0.34900 2.13400 0.39600 0.42419   1   1 good
0501-397-52235 1.32150 18.93 0.90039   A   MF 2.33200 0.17700 2.04700 0.15900 0.19752   0   0 good
0618-101-52049 2.03610 18.44 0.88261   A   MF 2.39900 0.20200 2.55000 0.20300 0.44459   0   0 good
0746-415-52238 2.20590 19.01 0.49765   C    M 4.11900 0.48600 2.84500 0.51000 0.64172   0   0 good
0756-619-52577 0.74820 19.07 0.71407   D    M 1.75200 0.31500 0.67900 0.18400 0.01970   0   0 good
0945-118-52652 2.06270 19.00 1.89245   A  MCF 9.72700 0.52300 8.83600 0.59400 0.05713   0   0 good
0414-380-51901 0.94010 19.11 0.75201   A   MF 2.34900 0.16300 1.72800 0.18100 0.10162   0   0 good
0374-295-51791 1.95900 19.02 1.41596   A   MF 3.84800 0.35300 3.48000 0.29000 0.20003   0   0 good
0468-513-51912 1.38820 18.24 1.02191   A   MF 3.66800 0.16400 2.74100 0.16500 0.16499   0   0 good
1451-284-53117 1.88790 18.95 1.51562   A   MF 8.29300 0.48700 7.48100 0.51200 0.13713   0   0 good
0441-599-51868 1.12650 17.04 0.94827   C    M 0.68400 0.07500 0.32300 0.06500 0.08733   0   0 good
0308-595-51662 1.08140 17.80 0.45555   C    M 0.88900 0.13200 0.38600 0.08100 0.34313   0   0 good
0848-403-52669 1.69850 18.68 1.61422   B    M 2.09800 0.33400 2.01700 0.38600 0.03172   1   1 good
0291-149-51928 2.09020 17.82 1.82436   A  MCF 3.21000 0.18400 2.32900 0.29300 0.08970   0   0 good
1339-218-52767 1.39840 18.84 0.86816   C    M 2.68900 0.33700 1.59700 0.29000 0.24478   0   0 good
1677-444-53148 3.47840 19.17 1.65005   A   MF 4.54900 0.43400 5.51700 0.46400 0.48130   0   0 good
1011-232-52652 1.70510 18.53 1.40765   B    M 3.15700 0.26800 2.53500 0.27300 0.11596   0   0 good
0583-582-52055 1.02700 18.26 0.84147   D    M 1.05200 0.18100 0.55000 0.16800 0.09570   0   0 good
0414-595-51901 1.31290 19.55 1.08737   B    M 3.11700 0.47900 2.47800 0.43900 0.10224   0   0 good
0875-115-52354 1.42760 18.26 1.08490   A   MF 1.49000 0.24500 1.32000 0.20300 0.15100   0   0 good
0649-317-52201 1.88840 18.90 1.49442   A   MF 2.71100 0.33600 2.18300 0.34400 0.14559   0   0 good
0437-440-51869 1.79580 18.08 1.27414   A   MF 3.39700 0.14400 3.38800 0.14200 0.20365   0   0 good
1229-245-52723 2.07500 17.79 1.67257   A  MCF 1.70800 0.15200 1.04300 0.10200 0.13934   0   0 good
0435-480-51882 1.94510 19.58 0.74709   A   MF 4.59600 0.69800 3.60800 0.58400 0.47938   0   0 good
0718-231-52206 1.75170 17.33 1.13173   A   MF 1.38600 0.11200 1.21200 0.11700 0.24986   1   1 good
0924-534-52409 1.76350 18.86 1.40079   A   MF 4.84000 0.26300 3.81400 0.28300 0.13978   0   0 good
0919-625-52409 2.10590 19.11 1.17967   C    M 1.72400 0.28100 1.46900 0.19600 0.34004   0   0 good
0876-064-52669 1.84310 19.16 0.91035   D    M 1.66600 0.28800 1.09000 0.34900 0.37789   0   0 good
1264-538-52707 2.11240 18.71 1.45228   A    M 6.37100 0.33200 4.71300 0.35700 0.23395   0   0 good
1466-245-53083 1.77130 18.68 1.09792   A   MF 2.78300 0.43200 1.94900 0.31000 0.27141   0   0 good
0395-443-51783 1.22290 18.18 0.63746   A   MF 4.85400 0.24800 5.04300 0.26500 0.29649   0   0 good
1396-078-53112 1.14330 18.56 1.06589   A   MF 1.16300 0.17900 1.13100 0.22800 0.03678   0   0 good
1269-510-52937 1.61540 19.25 0.44704   D    M 0.85700 0.16800 0.80100 0.21400 0.53125   0   0 good
0858-530-52316 2.39760 18.69 0.93969   B   MF 2.51600 0.22900 2.53800 0.21600 0.50837   0   0 good
1381-566-53089 2.10650 18.60 0.64990   A   MF 2.03900 0.18300 1.55500 0.17100 0.55996   0   0 good
0723-321-52201 3.91680 19.25 1.37041   A   MF 13.88600 0.62400 15.77700 0.62400 0.62282   1   1 good
0658-277-52146 1.65430 18.96 1.57680   A   MC 1.46300 0.28700 1.81400 0.26400 0.02964   0   0 good
0530-102-52026 1.52440 18.99 0.89851   A   MF 3.42900 0.43400 2.66700 0.45000 0.27748   0   0 good
1174-376-52782 2.11250 18.91 1.27465   B    M 1.83700 0.44600 1.90500 0.33100 0.30370   0   0 good
0830-360-52293 2.26140 18.45 1.28938   A   MF 4.91300 0.18300 4.31700 0.17200 0.33980   0   0 good
0982-130-52466 1.57330 18.60 0.55142   A   MF 2.49700 0.26500 2.43000 0.27200 0.46682   0   0 good
1427-345-52996 1.10280 18.97 0.44449   B    M 1.84800 0.27700 1.71300 0.30400 0.35879   0   0 good
0982-163-52466 1.89000 18.58 0.59601  C*    M 1.60600 0.13000 2.09300 0.17800 0.53258   0   0 good
0948-586-52428 1.10930 18.78 0.41183   D    M 1.74300 0.31800 1.23000 0.36600 0.38118   0   0 good
0862-458-52325 1.17740 18.79 1.01061   B    M 1.11400 0.24000 1.05400 0.24600 0.07951   0   0 good
0444-171-51883 1.50170 18.25 0.54825   C    M 1.14600 0.16000 0.72000 0.15700 0.44610   0   0 good
1440-626-53084 1.00500 17.76 0.52554   C    M 1.14400 0.11300 0.57700 0.10800 0.26669   0   0 good
1591-035-52976 1.37490 17.58 1.18662   A   MF 5.50000 0.18500 4.17100 0.18800 0.08241   0   0 good
0597-575-52059 0.72100 17.99 0.64357   C    M 1.14800 0.14100 0.77000 0.15100 0.04603   0   0 good
0900-432-52637 2.84760 19.35 1.53350   A   MF 5.91000 0.44800 6.33300 0.44000 0.39512   0   0 good
1019-265-52707 1.71070 19.08 1.34979   C    M 2.03800 0.39300 1.46700 0.35600 0.14191   0   0 good
0735-602-52519 2.25690 19.09 1.36629   A   MF 2.91400 0.33900 2.76200 0.39700 0.30900   0   0 good
0378-067-52146 1.45250 18.56 1.07061   B    M 2.22000 0.41500 2.06600 0.42600 0.16768   0   0 good
0301-278-51942 1.79480 19.17 1.57476   B    M 2.80400 0.38200 3.01100 0.38700 0.08182   0   0 good
0280-130-51612 1.76950 18.63 1.30632   A   MF 4.52700 0.27100 3.26400 0.35500 0.18101   0   0 good
0355-481-51788 2.03140 17.06 1.62892   B    C 1.37700 0.10700 1.48200 0.11300 0.14149   0   0 good
1217-099-52672 1.42480 18.75 1.09587   A   MF 7.37600 0.45800 6.86600 0.48400 0.14476   0   0 good
0279-435-51984 1.33500 18.85 0.86679   C    M 0.86600 0.15000 0.82300 0.17200 0.22014   0   0 good
1228-556-52728 1.89760 17.51 1.34230   C    M 1.66800 0.12500 1.23400 0.12800 0.20961   0   0 good
0572-349-52289 2.34990 18.21 1.40568   C    M 0.65600 0.14700 0.69800 0.13200 0.31951   0   0 good
1038-226-52673 1.98460 18.87 1.19317   A   MF 1.70100 0.26400 1.48600 0.29600 0.29871   0   0 good
1450-455-53120 3.77060 18.79 1.49449   A   MF 5.96100 0.39100 5.99400 0.33000 0.57059   0   0 good
0506-006-52022 2.28530 19.12 0.73883   B    M 2.10400 0.32400 2.66300 0.37200 0.56233   0   0 good
0487-121-51943 1.47790 18.31 1.19743   A   MF 2.46700 0.14100 1.90600 0.14700 0.11955   0   0 good
0996-636-52641 3.81720 18.90 1.42207   B    M 1.81800 0.37100 1.57900 0.34600 0.59642   0   0 good
0414-574-51901 1.51250 18.50 0.94014   A   MF 1.08900 0.13300 0.63400 0.07800 0.25293   0   0 good
0986-168-52443 1.61760 17.74 1.00665   C    M 1.24900 0.10400 1.19400 0.12300 0.25971   0   0 good
0279-551-51984 2.46250 18.31 0.66815   C    M 1.67400 0.13100 1.68200 0.15000 0.62323   0   0 good
0813-625-52354 1.43000 19.02 0.66025   D    M 0.88600 0.18400 1.61400 0.30500 0.36351   0   0 unsure
0637-610-52174 0.64440 16.83 0.42769   C    M 1.21900 0.15600 1.20200 0.14900 0.14041   1   1 bad
0789-206-52342 1.32190 18.96 0.95342   D    M 1.79000 0.32600 2.75500 0.77500 0.17111   0   0 unsure
0359-207-51821 1.81530 17.20 0.84790  C*    M 1.14600 0.10400 1.73600 0.12000 0.39780   0   0 unsure
0353-126-51703 2.34040 19.05 2.11400   A    C 2.76400 0.58000 1.84300 0.53700 0.07007   0   0 good
1160-261-52674 1.51360 18.91 0.83301   A   MF 1.80500 0.22700 1.69400 0.21500 0.30567   0   0 good
1236-231-52751 1.82430 18.13 0.54176   C    M 7.88800 1.42500 7.10600 0.36600 0.54084   1   1 bad
0326-623-52375 1.81740 19.21 0.51077   C    M 0.96200 0.19300 1.52600 0.36800 0.55335   0   0 unsure
0546-275-52205 1.93600 19.45 1.45701   D    M 1.09200 0.25300 0.99200 0.32800 0.17625   1   1 unsure
1301-293-52976 2.18370 19.36 0.45992   C    M 1.01900 0.24200 0.82900 0.16400 0.65252   0   0 unsure
0902-592-52409 2.11510 18.50 1.91706   E    M 1.05000 0.22800 2.46800 0.52200 0.06560   1   1 unsure
0944-156-52614 2.14490 18.95 1.63023   C    M 2.29300 0.21800 2.61100 0.33200 0.17682   0   0 bad
0467-004-51901 1.23240 19.23 0.60119   D    M 1.99700 0.46500 0.75100 0.21500 0.32060   0   0 bad
0421-303-51821 1.24620 19.23 0.61412   D    M 1.07700 0.26300 0.90300 0.25800 0.31894   0   0 unsure
1214-278-52731 2.20470 18.86 0.63506   D    M 1.24600 0.20500 0.84500 0.24400 0.58692   1   1 unsure
0531-380-52028 1.56840 18.44 0.40532   E    M 1.59800 0.29100 1.84700 0.19500 0.53919   1   1 bad
1602-363-53117 2.93780 19.12 1.97183   E    M 5.87500 0.73000 4.29400 0.55000 0.27424   0   0 bad
1295-126-52934 3.98540 19.78 1.20056   C    M 4.18100 0.50300 1.97000 0.45800 0.67387   0   0 unsure
0972-362-52435 1.64320 18.62 1.43584  C*    M 1.23600 0.24200 0.99700 0.29400 0.08151   1   1 unsure
0870-155-52325 1.61210 19.29 0.47666   D    M 1.14000 0.28400 1.22200 0.37800 0.51562   0   0 bad
0908-360-52373 2.25780 18.86 1.82008   E    M 2.03600 0.45000 3.71200 0.84400 0.14329   0   0 bad
0569-335-52264 0.56170 19.08 0.55848   B    M 3.82600 0.29300 3.16400 0.22100 0.00206   0   0 good
1274-507-52995 1.65670 18.78 1.52322  E*    M 2.09300 0.27800 0.57700 0.16700 0.05150   1   1 bad
1365-036-53062 0.43640 17.85 0.43377   C    M 4.79500 0.36200 2.76000 0.31400 0.00180   0   0 good
1416-529-52875 1.80220 18.93 1.47873   C    M 2.18200 0.35600 1.12400 0.19500 0.12206   1   1 bad
1339-149-52767 0.82420 19.08 0.53755   D    M 1.01200 0.24800 0.61300 0.17300 0.16932   0   0 bad
0959-525-52411 1.95010 18.21 0.85847   B    M 0.66300 0.14900 0.71200 0.15100 0.43177   0   0 good
0512-406-51992 1.09720 18.13 1.05290   D    M 0.43000 0.10400 0.41100 0.13500 0.02133   0   0 unsure
0601-476-52316 2.38150 18.98 1.97842   C    M 6.40200 0.47400 5.20900 1.16500 0.12626   0   0 bad
0727-232-52207 2.00990 19.13 1.46674   E    M 2.37000 0.31900 4.59100 0.44000 0.19642   0   0 bad
0828-591-52317 1.82810 19.31 1.78781   B    M 2.92400 0.64100 3.31500 0.76700 0.01434   0   0 bad
0747-409-52234 1.81780 19.11 0.67904   D    M 1.43800 0.29900 1.58400 0.44700 0.47596   0   0 unsure
0597-375-52059 1.30350 19.00 1.28279   C    M 1.02600 0.22500 1.02200 0.23700 0.00905   0   0 good
1454-342-53090 3.11150 19.14 0.99587  C*    M 13.87700 2.29700 2.01900 0.29900 0.61858   0   0 bad
0651-496-52141 1.35890 18.55 1.35220   A   MF 2.54300 0.17200 1.68500 0.12800 0.00286   0   0 good
1773-609-53112 2.59630 18.82 0.61746   E    M 1.04800 0.14300 2.12500 0.16700 0.66351   0   0 bad
0574-406-52355 0.55730 18.62 0.55311   C    M 0.91300 0.13900 0.83600 0.13600 0.00272   0   0 good
0378-253-52146 1.76190 19.35 0.51853   C    M 9.00400 1.39000 7.05900 0.87700 0.53574   1   1 unsure
0636-298-52176 1.57000 18.43 0.66392   D    M 1.12700 0.27800 0.77700 0.20700 0.40927   0   0 unsure
1405-566-52826 2.17950 18.63 1.62387   B    M 2.95700 0.30700 3.61900 0.25500 0.18975   0   0 bad
0553-401-51999 2.19790 18.81 1.59673   E    M 2.15100 0.41400 1.86200 0.42500 0.20529   0   0 bad
1614-314-53120 2.97350 19.18 1.78546  C*    M 2.68300 0.58700 5.72800 0.66400 0.34102   0   0 bad
1202-326-52672 1.34260 19.06 0.91501   B    M 2.53400 0.50500 1.98900 0.39100 0.19884   0   0 bad
1271-289-52974 1.59610 18.96 1.53676  C*    M 0.74400 0.14500 1.36000 0.38800 0.02312   0   0 unsure
0774-019-52286 2.17290 18.70 2.01825   D    M 1.73000 0.43200 4.15500 0.99400 0.04992   0   0 bad
0815-109-52374 2.36380 18.80 1.97616   E    M 3.62700 0.52200 2.00000 0.45900 0.12181   0   0 bad
0508-020-52366 1.96800 19.08 1.19573   C    M 3.01300 0.69800 2.24800 0.54300 0.29257   0   0 bad
0506-189-52022 1.61840 19.17 0.44958   D    M 1.07000 0.21000 0.67500 0.19200 0.53082   0   0 bad
0467-577-51901 0.57340 18.81 0.54158   C    M 0.85400 0.17100 0.98600 0.16300 0.02045   0   0 good
0433-339-51873 1.87010 19.64 1.84482   A   CF 3.96100 0.69300 3.25200 1.06700 0.00886   0   0 good
0610-123-52056 1.55870 19.05 0.99174   D    M 8.44200 1.63900 4.83100 1.37000 0.24536   0   0 bad
0612-006-52079 1.98930 19.11 1.23838   C    M 2.51100 0.42600 0.73400 0.18200 0.28149   0   0 bad
0394-399-51913 1.94970 18.20 1.26874   D    M 0.18200 0.03600 0.43000 0.07600 0.25663   0   0 bad
0662-278-52147 1.68930 18.58 1.27942   D    M 1.80700 0.44500 0.42500 0.11400 0.16389   0   0 bad
1448-297-53120 2.95190 18.59 2.02225   D    M 4.01600 0.66100 1.78600 0.45600 0.26194   1   1 bad
0633-562-52079 2.51990 18.82 1.99380   B    M 3.59800 0.67900 2.58400 0.50400 0.16050   0   0 unsure
1277-520-52765 1.57890 19.32 1.56958   B    M 1.60400 0.30800 1.41300 0.25200 0.00361   1   1 unsure
0864-261-52320 2.40390 18.62 2.17120   A   CF 7.13900 1.31900 2.58800 0.64600 0.07069   0   0 good
1169-637-52753 3.04160 19.61 1.67847   A    M 2.01500 0.33000 2.50600 0.46100 0.38966   0   0 bad
0519-038-52283 1.73450 19.10 1.27629   D    M 0.97600 0.23100 0.87200 0.24100 0.18137   0   0 bad
1165-392-52703 1.56360 19.13 1.56147   A   MC 2.24000 0.33800 1.34100 0.25400 0.00082   0   0 good
0956-544-52401 2.07390 17.65 1.30823   C    M 0.88900 0.13500 0.69900 0.15000 0.27889   0   0 good
1384-108-53121 1.88420 19.03 1.41456  C*    M 1.72000 0.35300 1.04500 0.27300 0.17590   0   0 good
1450-618-53120 1.58670 18.46 0.39831   D    M 0.55000 0.09500 0.60400 0.17600 0.54773   0   0 bad
0721-213-52228 1.89970 19.21 1.49831   D    M 0.68500 0.17000 0.94400 0.27400 0.14791   0   0 bad
1739-420-53050 1.86430 18.18 1.68121   B   MC 0.96200 0.21700 0.87700 0.28000 0.06597   0   0 good
1163-597-52669 1.61780 18.58 1.42884   D    M 1.52500 0.25900 0.53100 0.15800 0.07478   0   0 bad
0559-024-52316 1.77180 19.58 0.99840   B    M 6.54600 0.71600 4.10600 0.91300 0.31596   0   0 bad
0872-221-52339 2.57030 17.88 0.72241   D    M 0.79700 0.14300 0.17800 0.04600 0.62240   1   1 bad
0354-631-51792 1.84630 19.02 1.60814  C*    M 2.32900 0.41700 3.73800 0.45700 0.08715   0   0 bad
0926-319-52413 1.53450 19.38 1.26487   D    M 2.74100 0.61700 1.69700 0.48300 0.11201   0   0 bad
0927-040-52577 2.09230 18.38 0.70757   C    M 9.49700 0.27200 8.89000 0.27700 0.53265   0   0 bad
0963-601-52643 1.90450 17.45 0.58710   C    M 5.23100 0.14900 4.35600 0.12700 0.54013   1   1 bad
0477-026-52026 1.93300 19.03 1.28242   D    M 1.11700 0.27800 1.43800 0.44800 0.24565   0   0 bad
0814-015-52443 1.79800 18.88 1.62259   C    M 3.74000 0.54600 3.63100 0.58900 0.06465   0   0 bad
0418-148-51817 1.36490 18.80 0.67986   D    M 0.61800 0.11600 0.95500 0.28500 0.32928   0   0 bad
0447-032-51877 2.05490 19.01 1.64272   D    M 2.17500 0.42800 1.51100 0.48500 0.14394   0   0 bad
1006-400-52708 2.11710 18.12 0.79893  C*    M 2.10300 0.13900 0.85000 0.24400 0.50031   0   0 bad
0301-425-51942 1.57010 19.05 1.37804   D    M 1.14000 0.24400 0.61500 0.19600 0.07753   0   0 bad
0458-283-51929 1.78730 19.11 0.97962  C*    M 2.33800 0.39800 1.44700 0.45600 0.32942   0   0 unsure
0593-118-52026 1.40090 19.16 0.49832   D    M 1.76100 0.40400 0.68700 0.21500 0.43942   0   0 bad
0897-391-52605 2.51960 19.08 0.86762   D    M 0.76100 0.13800 1.23700 0.39600 0.56058   0   0 bad
0792-346-52353 2.21900 18.92 0.99731   D    M 0.98100 0.19500 1.04200 0.33900 0.44404   0   0 bad
0444-632-51883 2.17340 19.21 1.99304   B    M 9.04300 0.92600 8.96500 1.36400 0.05845   0   0 bad
0612-006-52079 1.98930 19.11 1.79750   A    M 5.80400 1.08000 3.98800 0.75600 0.06623   0   0 bad
0826-340-52295 1.22550 18.82 0.76914   B    M 1.04000 0.25600 1.04900 0.25200 0.22553   0   0 unsure
0512-415-51992 1.20680 18.93 0.37736  C*    M 1.75300 0.36300 1.34700 0.34400 0.43929   0   0 good
0488-394-51914 1.50560 18.01 1.48064   C    M 0.21600 0.05300 0.31000 0.05400 0.01001   0   0 bad
0278-055-51900 1.94760 19.02 1.84069   C    M 2.62100 0.32700 3.45200 0.72900 0.03692   0   0 bad
0593-228-52026 2.70870 19.29 0.83342   D    M 0.91200 0.20700 1.40800 0.42800 0.60722   1   1 bad
0913-577-52433 2.96110 18.60 1.60725   C    M 2.69400 0.49300 1.34800 0.30300 0.39543   0   0 bad
1240-316-52734 0.89360 17.60 0.87714   B    M 5.86900 0.23000 4.70400 0.19000 0.00875   1   1 good
0920-398-52411 1.93340 19.04 1.79433   D    M 2.94900 0.68800 2.77500 0.73400 0.04854   0   0 bad
0376-328-52143 0.54730 18.55 0.50102   B    M 1.15900 0.25700 1.86200 0.42100 0.03039   0   0 bad
0465-537-51910 1.56410 19.32 1.35184  C*    M 1.55600 0.33600 0.63100 0.20400 0.08619   0   0 bad
0576-606-52325 1.75580 19.01 0.91616   C    M 1.54600 0.35400 1.26600 0.28700 0.34818   0   0 good
0608-511-52081 1.92840 18.47 0.59252   C    M 0.91400 0.19400 1.41200 0.29700 0.54352   0   0 bad
1277-520-52765 1.57890 19.32 1.57695  E*    M 1.41300 0.25200 0.95900 0.30400 0.00075   1   1 bad
1283-441-52762 2.12840 18.29 0.71964   C    M 1.50400 0.13900 0.59200 0.10300 0.53592   0   0 good
1346-258-52822 2.06180 19.59 0.64184   D    M 1.31700 0.25700 1.86800 0.61800 0.55334   0   0 bad
1294-635-52753 1.22230 18.94 0.61466   D    M 0.75600 0.15500 0.73300 0.20600 0.30899   0   0 bad
0551-280-51993 1.94190 17.67 1.21831   D    M 0.58600 0.14300 0.21500 0.05800 0.27505   0   0 bad
1302-472-52763 1.89400 19.17 1.42404   A   MF 7.60400 0.48300 7.11400 0.53800 0.17537   0   0 good
0625-177-52145 1.75530 19.18 1.60571   C    M 3.51700 0.58600 3.46900 0.48700 0.05577   0   0 bad
1644-526-53144 1.63600 18.98 1.36191   D    M 1.78600 0.44400 0.91500 0.25000 0.10936   0   0 bad
1277-243-52765 2.56470 18.19 0.60618   C    M 0.98100 0.17900 1.13300 0.14900 0.66249   0   0 unsure
1171-358-52753 1.66860 17.99 0.46646   C    M 1.97700 0.28800 1.58600 0.22500 0.53612   1   1 bad
1220-364-52723 1.43210 18.43 1.41039   A   MF 6.95700 0.21200 6.05600 0.21700 0.00898   0   0 good
1336-166-52759 0.97660 18.28 0.83910  C*    M 1.14100 0.17200 0.42000 0.13000 0.07198   0   0 good
1698-503-53146 1.92220 19.11 1.69710  C*    M 1.12700 0.27100 0.99700 0.31600 0.07999   0   0 bad
0757-297-52238 1.66750 18.57 1.37790   C    M 0.81700 0.17700 0.33700 0.07400 0.11442   0   0 bad
1055-028-52761 1.91180 18.49 1.63662   A   MC 1.11400 0.18900 1.92700 0.34700 0.09896   0   0 good
1054-625-52516 2.11480 17.50 2.07011   B    C 0.60000 0.11000 0.46500 0.06200 0.01445   1   1 bad
0477-184-52026 0.85640 19.12 0.61629   C    M 1.33300 0.32400 0.92000 0.22600 0.13765   0   0 unsure
1304-589-52993 2.19440 19.46 1.80017   A    M 5.66500 0.69700 3.79400 0.84800 0.13096   0   0 bad
1466-005-53083 2.17180 19.04 1.79460   B    M 5.56100 1.06200 3.00200 0.72800 0.12593   0   0 bad
1158-494-52668 2.39010 19.03 1.99357   C    M 3.64800 0.84000 5.16300 0.45200 0.12376   0   0 bad
0465-531-51910 2.14730 19.20 1.58362   A    C 4.92800 0.34800 1.40300 0.31800 0.19482   0   0 good
0567-284-52252 2.40300 19.14 1.99394  C*    M 3.57100 0.45800 3.30800 0.98000 0.12739   0   0 bad
0978-230-52441 1.32550 19.15 1.00104   D    M 1.71600 0.35600 1.11700 0.33700 0.14915   0   0 bad
0605-253-52353 2.00590 19.16 0.65997   C   MF 2.67100 0.48400 1.76100 0.32000 0.53260   1   1 unsure
0567-534-52252 2.38530 19.15 1.62393   C    M 1.99600 0.41600 1.57700 0.30700 0.24939   0   0 bad
0379-270-51789 1.60970 18.75 1.29454   D    M 1.09600 0.21000 0.68500 0.21800 0.12799   0   0 bad
0543-402-52017 1.59990 19.01 0.43423   E    M 0.88500 0.13400 1.22700 0.19500 0.53338   1   1 bad
1275-356-52996 1.50890 19.54 0.43724   C    M 3.47500 0.70300 1.55700 0.34300 0.50582   0   0 bad
0512-123-51992 0.89310 18.37 0.75166   B    M 2.53200 0.50100 2.09800 0.50800 0.07752   1   1 bad
0756-282-52577 2.16720 19.19 1.61381   D    M 2.86100 0.62100 2.36500 0.64500 0.18972   0   0 bad
0790-077-52441 2.03160 19.51 1.15615   D    M 2.25600 0.51200 1.90900 0.52900 0.32816   1   1 unsure
0514-058-51994 2.59890 17.87 1.21621   C    M 0.68900 0.15800 0.63300 0.13700 0.45010   0   0 good
1374-509-53083 1.85250 18.79 1.41496   A   MF 9.11500 0.41100 7.49800 0.41600 0.16500   0   0 good
0980-589-52431 1.76530 19.09 1.60069   B    C 1.26400 0.30700 1.38100 0.44500 0.06131   0   0 unsure
0333-627-52313 0.54170 18.75 0.53986   C    M 2.18000 0.17700 1.47400 0.19000 0.00119   0   0 good
0789-278-52342 0.90010 19.39 0.89937   B    M 1.58100 0.16900 1.70000 0.16600 0.00037   0   0 good
0517-239-52024 2.03880 19.19 1.61775   C    C 2.82100 0.57400 2.00100 0.47200 0.14806   0   0 bad
0338-128-51694 2.38480 18.91 1.23363   A   MF 1.14300 0.25700 1.62900 0.35500 0.39328   0   0 good
1272-368-52989 1.10010 19.50 0.92631   D    M 0.92700 0.16500 0.92100 0.29500 0.08617   0   0 bad
0901-102-52641 2.08810 18.79 1.32742  C*   MF 1.40600 0.24900 0.91600 0.25100 0.27548   1   1 unsure
0834-259-52316 1.35690 18.66 0.76274   D    M 1.99600 0.46400 2.11800 0.66900 0.28260   0   0 bad
0938-161-52708 1.08560 18.68 0.88745   D    M 1.47300 0.27500 1.02400 0.31500 0.09952   0   0 good
0738-596-52521 3.21850 18.47 1.62727   C    M 4.32400 0.50500 2.05800 0.37600 0.44105   0   0 bad
1697-310-53142 1.50890 19.04 0.78992   E    M 0.83000 0.16200 1.50700 0.32600 0.32540   1   1 bad
0756-432-52577 1.95770 18.35 0.62781   E    M 2.06200 0.19000 0.56600 0.15700 0.53505   0   0 bad
1236-309-52751 2.22710 18.76 1.28253  C*    M 8.22900 0.39600 1.02400 0.25900 0.33309   0   0 bad
1299-394-52972 1.79840 18.77 0.63159   D    M 1.03000 0.24800 1.01500 0.27600 0.49260   0   0 bad
0543-152-52017 2.07050 18.97 0.38666   C    M 2.92900 0.48500 0.95400 0.22500 0.66120   0   0 unsure
0656-537-52148 1.87830 18.01 0.99607   C    M 1.50600 0.24100 0.57100 0.10600 0.35051   0   0 bad
0499-068-51988 1.72870 18.64 1.70146   C    M 1.64100 0.28800 0.97400 0.22500 0.01001   0   0 bad
1351-501-52790 2.10280 19.02 1.85340   D    M 3.23600 0.61800 3.29600 0.93900 0.08360   0   0 bad
1435-162-52996 1.78330 18.13 1.78319   A   MC 2.00500 0.24000 1.36200 0.26000 0.00005   0   0 good
0555-320-52266 1.44660 19.10 0.55600   D    M 0.91700 0.22200 0.71300 0.23500 0.42400   0   0 unsure
1166-320-52751 1.58940 18.48 1.27296  C*    M 0.75600 0.17300 0.70300 0.21600 0.12963   0   0 bad
1301-082-52976 1.98510 19.61 1.72600   A    M 4.63600 0.80400 3.77300 0.87000 0.09057   0   0 bad
0609-322-52339 1.77120 18.58 0.44924   D    M 1.59300 0.39000 0.94700 0.25500 0.57048   1   1 bad
0843-617-52378 1.40320 18.76 1.17347   D    M 2.39000 0.35700 0.72500 0.23400 0.10013   0   0 bad
0724-402-52254 1.56810 18.35 0.73150   C    M 0.81900 0.17900 0.24000 0.05500 0.37496   0   0 bad
1240-316-52734 0.89360 17.60 0.90021   D    M 4.01600 0.10600 0.34100 0.07300 -0.00347   1   1 bad
1345-105-52814 1.47530 18.66 0.78905   D    M 0.67400 0.12000 0.85900 0.25000 0.31374   0   0 bad
0943-570-52376 1.67690 19.30 1.23361   D    M 0.78300 0.16200 0.93200 0.30000 0.17910   1   1 bad
1006-561-52708 2.01640 18.15 0.67655   D    M 0.20100 0.04800 0.32700 0.10900 0.52796   0   0 bad
1742-229-53053 1.88220 19.03 0.41283   C    M 0.88700 0.21400 0.58600 0.11300 0.61253   0   0 bad
1041-512-52724 0.96100 18.41 0.92070   C    M 1.61200 0.17700 0.75700 0.13600 0.02074   0   0 good
0475-408-51965 1.30190 19.03 0.73837   D    M 0.68900 0.14300 0.76900 0.19800 0.27364   0   0 unsure
0727-058-52207 3.03390 19.11 0.79250   E    M 1.41700 0.24700 1.41100 0.22900 0.67020   0   0 bad
0434-389-51885 0.51090 19.38 0.41499   D    M 2.64400 0.58900 1.54700 0.41500 0.06547   0   0 bad
0637-370-52174 3.14450 17.99 0.92718   C    M 0.79000 0.15900 0.49400 0.10900 0.64444   0   0 unsure
1304-589-52993 2.19440 19.46 1.79563   B    M 7.45900 0.89500 4.39700 0.59800 0.13256   0   0 bad
0958-314-52410 1.27490 18.06 0.66409   C    M 1.06100 0.20300 1.32900 0.25300 0.30285   0   0 unsure
1223-316-52781 1.51850 19.01 0.56177   D    M 2.49000 0.56800 1.76100 0.53300 0.44451   0   0 bad
0513-295-51989 1.77910 19.01 1.47532   A    M 3.94200 0.45500 3.10700 0.33800 0.11525   0   0 good
0962-461-52620 2.97500 19.23 1.48838  C*    M 1.48000 0.35600 1.04800 0.29900 0.43691   0   0 good
0536-319-52024 1.15270 19.54 0.61394   B    M 1.94300 0.42300 0.88500 0.19600 0.28034   0   0 good
0833-529-52314 3.46520 18.23 1.98989   B    M 4.90800 0.50400 2.19100 0.54500 0.38088   0   0 bad
0945-564-52652 2.37510 18.86 0.62692   D    M 1.15100 0.17000 0.63500 0.19600 0.62290   0   0 bad
1587-188-52964 1.66130 17.58 1.65720   B   MC 0.54800 0.11800 1.03000 0.12700 0.00156   1   1 good
1362-063-53050 1.93160 19.01 1.49152   C    M 1.62100 0.32600 1.53800 0.35200 0.16122   1   1 good
1277-530-52765 2.19070 18.60 1.99813   A   MC 6.78300 0.80900 8.32600 1.49200 0.06216   1   1 good
0409-220-51871 2.19170 19.04 1.70793   C    M 2.59700 0.53800 1.59300 0.37100 0.16291   0   0 good
0944-122-52614 1.85830 18.71 1.84961   E    C 1.55800 0.22900 2.12800 0.22900 0.00306   1   1 bad
1428-142-52998 1.75090 18.80 1.59677   C    M 2.52900 0.45900 1.50900 0.28700 0.05758   0   0 bad
0495-020-51988 2.17850 19.12 1.83256  C*    M 5.74200 1.28500 2.27600 0.64100 0.11473   0   0 bad
0966-154-52642 1.29580 18.42 1.19083   D    M 1.12000 0.26000 1.12700 0.31200 0.04679   0   0 unsure
1038-615-52673 1.69170 18.91 0.41956   C    M 4.53100 0.69700 2.04800 0.49600 0.56479   1   1 unsure
0598-307-52316 3.13650 18.77 1.37071   D    M 1.39200 0.16700 6.96300 0.32700 0.50549   0   0 bad
0645-006-52203 1.89780 18.89 1.82421   C    M 2.79700 0.65300 4.22700 0.58600 0.02573   0   0 bad
0465-308-51910 1.46760 18.76 1.00368   D    M 1.90700 0.35900 0.72400 0.24000 0.20531   0   0 bad
1056-007-52764 1.31640 18.26 0.74814   D    M 0.62700 0.11300 0.61400 0.17000 0.27427   0   0 good
0772-618-52375 2.99430 19.65 2.22600   B    C 11.58300 1.30600 5.30400 1.53800 0.21043   0   0 bad
1189-292-52668 1.95840 18.88 1.82146   C    M 9.20600 0.61600 7.57900 0.62000 0.04737   0   0 bad
0925-016-52411 1.91560 18.42 1.21658   B    M 1.49000 0.20400 2.10000 0.32200 0.26746   1   1 good
0992-298-52644 1.61260 18.04 0.89585   D    M 0.92000 0.18400 0.64200 0.19700 0.31012   1   1 bad
0830-401-52293 2.17590 19.01 1.79234   C    M 4.01900 0.67100 3.72700 0.69700 0.12800   0   0 bad
0743-219-52262 1.33700 18.27 0.78757   D    M 1.83700 0.25300 0.76300 0.19900 0.26179   0   0 good
1283-347-52762 1.03140 18.07 0.99130   D    M 2.94200 0.18300 0.63100 0.20700 0.01994   0   0 bad
1584-299-52943 1.67640 18.64 1.27101   C    M 0.99200 0.22600 1.10500 0.24100 0.16279   0   0 bad
0560-268-52296 1.56060 18.77 0.41498   C    M 2.81000 0.37500 2.88200 0.42500 0.53214   0   0 unsure
0511-203-52636 1.54150 18.36 0.40222   C    M 2.05400 0.25500 1.50900 0.18700 0.53326   0   0 unsure
1233-002-52734 1.26940 17.98 0.91263   C    M 0.52600 0.08300 0.42400 0.08000 0.16939   0   0 bad
1456-606-53115 2.08910 19.14 1.48387   C    M 2.09800 0.42700 2.41100 0.41400 0.21468   0   0 bad
0528-102-52022 1.96630 18.49 1.29402   C    M 1.03400 0.14500 0.68600 0.15400 0.25148   0   0 good
0537-261-52027 2.70480 19.32 1.79569  C*    M 7.52100 1.09100 2.85100 0.76000 0.27433   0   0 bad
1677-145-53148 2.90480 18.55 1.55178   B    M 5.01900 0.32800 5.24900 0.40900 0.40148   1   1 unsure
0542-208-51993 1.85180 18.58 0.94800   D    M 0.91200 0.09800 0.43300 0.13700 0.36370   0   0 unsure
1417-580-53141 1.65300 18.49 0.71238   C    M 0.88300 0.20700 0.26200 0.06100 0.41182   0   0 unsure
1569-135-53168 1.95440 19.19 1.94051   A  MCF 8.11300 0.54000 6.16800 0.41000 0.00470   0   0 good
0946-319-52407 2.03330 18.97 0.66387   E    M 2.53800 0.27700 4.05600 0.84200 0.53741   1   1 bad
0611-225-52055 1.55930 18.55 0.77241   D    M 1.51600 0.26200 0.60000 0.16800 0.35171   0   0 bad
0906-042-52368 1.51140 18.50 0.69484   D    M 0.92800 0.21000 0.69900 0.21000 0.37417   0   0 bad
0293-127-51994 4.12030 18.55 1.41400   E    M 1.50900 0.17800 2.46800 0.24300 0.63629   0   0 bad
1197-529-52668 2.25950 18.64 2.18192   A    F 16.88200 3.22200 18.72900 2.85800 0.02410   0   0 good
0754-123-52232 0.39720 18.30 0.39676  C*    M 2.52800 0.58200 1.84500 0.57400 0.00031   0   0 unsure
0481-595-51908 1.54830 19.60 0.75354   D    M 1.17100 0.26900 0.96800 0.27200 0.35730   0   0 unsure
1307-475-52999 3.64390 19.48 1.82037   E    M 5.56600 1.04400 8.09900 1.32600 0.46107   0   0 bad
0873-344-52674 1.52150 18.02 0.79873   C    M 0.72200 0.15500 1.00900 0.22300 0.32549   0   0 unsure
0625-177-52145 1.75530 19.18 1.59488  C*    M 2.52900 0.38600 7.46000 0.75100 0.05992   0   0 bad
1163-359-52669 1.61940 18.93 0.57081   D    M 1.53400 0.38200 0.89900 0.24500 0.47100   0   0 bad
1581-571-53149 1.83220 19.07 0.53733   C    M 17.45300 1.18900 7.10300 0.64700 0.54483   1   1 bad
0777-527-52320 3.81740 19.31 1.89970   B    M 3.46200 0.73500 3.70000 0.62800 0.46809   0   0 good
0588-201-52045 0.65400 19.18 0.61545   D    M 0.94200 0.21000 1.85800 0.30600 0.02358   0   0 unsure
1609-608-53142 1.42330 19.14 1.35541   D    M 1.28300 0.25200 0.84800 0.22900 0.02843   0   0 bad
0660-430-52177 2.23100 18.90 1.81721   C    M 2.06200 0.44100 3.16900 0.41600 0.13620   0   0 bad
1041-634-52724 1.83170 17.99 0.55399   C    M 1.21600 0.15900 0.74100 0.10800 0.53709   0   0 bad
1165-541-52703 1.47500 18.77 1.43192   B    M 1.52000 0.24500 1.61400 0.29500 0.01756   0   0 bad
1008-353-52707 2.76410 18.88 1.69787   D    M 1.69900 0.38600 1.32900 0.36000 0.32126   1   1 bad
0827-450-52312 3.16060 19.03 0.83720   D    M 0.75100 0.15700 0.47300 0.12500 0.67366   0   0 bad
1586-626-52945 2.39330 18.59 1.76100   C    M 3.71900 0.63400 2.35700 0.29500 0.20333   0   0 bad
0502-170-51957 1.13060 19.15 0.93872   C    M 2.34600 0.25600 0.96200 0.19300 0.09408   0   0 good
1605-530-53062 1.69450 17.86 0.85127   C    M 0.63000 0.15200 0.21700 0.04400 0.35865   0   0 unsure
1595-631-52999 1.96180 19.20 1.82619   A    M 4.23400 0.60400 4.34700 0.78700 0.04684   0   0 bad
1302-099-52763 1.85500 19.55 1.57843   C    M 3.27100 0.60900 4.05700 0.51400 0.10152   1   1 bad
0410-142-51816 2.25810 17.68 1.60752   A   MC 1.24100 0.16900 0.79100 0.13200 0.21912   0   0 good
0787-304-52320 2.20770 18.01 0.73937   C    M 0.83700 0.17700 0.48300 0.10700 0.54554   0   0 good
1053-188-52468 3.55130 18.38 1.43568   A    M 1.54900 0.31400 1.80000 0.38200 0.55473   1   1 bad
0467-349-51901 1.64990 18.98 1.31471   D    M 0.83800 0.19100 0.69200 0.21700 0.13443   0   0 bad
1045-363-52725 2.04090 18.63 0.68137   C    M 9.74400 1.21500 7.26600 0.31000 0.53172   1   1 bad
0901-525-52641 0.56110 17.94 0.56250   C    M 1.72600 0.11600 1.23300 0.14100 -0.00089   0   0 good
0290-482-51941 2.01200 18.68 0.99696   D    M 4.14500 0.38200 1.06200 0.30900 0.38931   0   0 bad
0337-306-51997 1.09150 18.94 0.59773   D    M 0.99200 0.21000 1.50100 0.48400 0.26297   0   0 unsure
0462-624-51909 1.89250 19.06 1.31011   D    M 1.77400 0.37800 0.86100 0.23600 0.22111   0   0 bad
0521-232-52326 0.81550 19.02 0.75197   B   MF 0.55800 0.10800 1.67300 0.40400 0.03559   0   0 bad
0893-300-52589 1.10940 18.67 0.41946   D    M 1.81200 0.43000 0.77000 0.20300 0.37662   0   0 bad
1590-236-52974 2.16730 19.40 1.22088   C    M 1.54200 0.38400 2.17800 0.35600 0.34077   0   0 bad
0494-555-51915 1.98810 18.73 1.45863   D    M 1.40600 0.24800 0.55800 0.17900 0.19259   0   0 bad
0920-169-52411 0.39910 18.07 0.39758   C    M 0.75200 0.16100 0.75800 0.16700 0.00109   0   0 bad
0519-261-52283 2.15730 19.16 2.02437   B    M 7.31100 0.76500 2.22600 0.43600 0.04298   0   0 bad
0639-629-52146 1.32680 18.75 0.72658   D    M 0.89500 0.20800 0.76000 0.21200 0.28981   0   0 bad
1166-319-52751 1.51340 18.92 0.46518   C    M 0.90800 0.17400 0.87300 0.17000 0.49274   0   0 bad
0609-129-52339 1.91330 17.99 1.34400   D    M 2.12100 0.31800 0.71500 0.19300 0.21408   0   0 bad
0773-636-52376 2.76490 18.91 0.77158  C*    M 1.29400 0.27200 0.30600 0.10200 0.63744   0   0 bad
0358-260-51818 1.54200 19.53 1.14678   D    M 1.26200 0.24600 0.80900 0.23000 0.16739   0   0 bad
0828-634-52317 1.83840 18.77 1.26893  C*    M 2.47800 0.39400 0.58400 0.11900 0.22026   0   0 bad
1407-582-52886 2.14000 19.54 1.27300   B    M 7.62300 1.33100 7.96400 1.08600 0.31232   0   0 bad
0571-276-52286 4.10370 17.80 1.47266   C    M 2.43400 0.16000 1.39700 0.18300 0.61980   0   0 good
0775-032-52295 1.56250 19.30 0.76084   C    M 1.48700 0.29700 0.89100 0.21500 0.35851   0   0 bad
1373-098-53063 1.48100 19.06 1.26733   D    M 1.20100 0.26800 1.28700 0.35500 0.08981   0   0 bad
1736-020-53052 0.50150 19.17 0.50062   B    M 2.26700 0.28700 1.88700 0.31000 0.00060   0   0 good
1313-185-52790 2.63720 18.72 0.67128   D    M 2.65700 0.34100 0.58600 0.16900 0.65133   0   0 unsure
0281-052-51614 1.70020 18.98 0.81655   D    M 0.84600 0.19100 0.88200 0.27200 0.37686   0   0 unsure
1053-008-52468 2.08540 19.40 1.86075   A    M 10.97100 0.96500 6.37200 0.83900 0.07545   0   0 bad
0617-556-52072 3.04880 18.88 1.85223   D    M 3.96000 0.87400 1.93500 0.60200 0.33666   1   1 unsure
1332-245-52781 1.02180 19.04 1.02032   C    M 2.51300 0.31700 2.67800 0.25700 0.00074   0   0 good
0654-059-52146 0.79750 19.01 0.78892   B    M 2.10800 0.18900 1.72500 0.16800 0.00479   0   0 good
0855-106-52375 2.39200 18.98 0.49259   C    M 2.04100 0.23000 1.42000 0.21800 0.67556   1   1 good
0476-574-52314 1.90850 19.54 1.70480   C    M 2.99000 0.59000 3.23000 0.74700 0.07247   0   0 bad
0502-138-51957 1.95020 19.38 1.70299   D    M 1.41200 0.34800 1.00900 0.28200 0.08728   0   0 bad
1197-529-52668 2.25950 18.64 0.75604   E    M 0.88400 0.15000 5.41700 0.35000 0.55010   0   0 bad
0485-197-51909 0.60330 17.85 0.60814   A    M 0.87700 0.07800 0.94500 0.08000 -0.00303   0   0 good
0897-450-52605 1.59950 18.87 0.53328   D    M 1.24100 0.27800 0.46700 0.15500 0.48377   0   0 bad
1407-571-52886 1.99250 19.50 1.86873   C    M 3.75100 0.74300 3.43300 0.83600 0.04221   0   0 bad
0452-394-51911 1.60340 19.55 1.16955   D    M 2.58200 0.45800 1.91800 0.58100 0.18031   1   1 bad
0310-388-51990 2.43940 18.15 2.14949   A    C 1.95700 0.47000 1.67000 0.33400 0.08784   1   1 bad
0438-322-51884 2.09130 19.28 1.53977  C*    M 1.12500 0.14700 0.98600 0.29300 0.19402   0   0 unsure
1297-272-52963 1.97800 19.59 1.72806   A  MCF 6.48700 0.85000 9.18800 0.81900 0.08744   0   0 good
0511-400-52636 2.01220 19.09 2.01015   A   MC 5.69700 0.75900 4.77900 0.78100 0.00068   0   0 good
1420-427-53146 1.29340 18.40 1.23022   D    M 0.47200 0.08800 0.45600 0.14700 0.02793   0   0 bad
1050-023-52721 1.59550 18.22 0.73892   C    M 0.96900 0.18000 1.42800 0.32300 0.38039   0   0 bad
0724-492-52254 2.40780 19.02 1.98245   C    M 6.24800 1.25500 6.19900 0.62100 0.13252   0   0 bad
1297-321-52963 1.58020 18.02 0.50255   C    M 0.79200 0.19300 1.06000 0.15700 0.49353   0   0 bad
0905-260-52643 1.47860 18.64 1.12616   A   MF 6.69800 0.39900 5.11700 0.39000 0.15219   0   0 good
1221-278-52751 1.24360 18.65 0.98439   D    M 1.95100 0.46700 0.71700 0.20300 0.12218   0   0 bad
1650-251-53174 1.24510 19.01 0.89179   D    M 0.48500 0.08800 0.59000 0.19000 0.16956   0   0 bad
1360-171-53033 2.30220 18.83 1.95967   A   MF 2.93900 0.43000 3.36300 0.71200 0.10907   0   0 good
1446-333-53080 1.19040 18.97 1.00856   C    M 1.41900 0.29500 1.68500 0.39700 0.08644   0   0 good
1018-032-52672 4.11420 19.50 1.74642   C    M 3.36900 0.74500 3.45100 0.63000 0.55233   0   0 bad
0359-369-51821 1.77020 19.42 1.42902  C*    M 0.78400 0.17600 0.93800 0.30900 0.13066   0   0 bad
0615-096-52347 2.29690 18.70 0.49815   D    M 1.43400 0.28100 0.68800 0.20500 0.65770   0   0 unsure
0795-529-52378 1.33030 17.49 1.32158   A   MF 3.08700 0.10700 2.54500 0.10600 0.00373   0   0 good
1597-414-52999 1.79090 18.85 0.53623   E    M 2.85600 0.35500 1.47200 0.29400 0.53493   0   0 bad
1213-367-52972 1.84630 18.80 0.52463   C    M 5.63200 0.73500 4.37100 0.57300 0.55410   1   1 bad
0580-205-52368 1.12820 18.86 0.54723   D    M 1.13200 0.15200 0.87900 0.22300 0.30842   0   0 good
1704-122-53178 1.86560 18.86 1.86500   A   MC 2.46300 0.38300 1.98600 0.37500 0.00021   1   1 good
1166-078-52751 1.90360 19.09 1.69689   A   MF 2.41000 0.55600 2.53700 0.56000 0.07374   0   0 good
0527-003-52342 2.17240 18.82 1.78180   D    M 2.01600 0.39900 1.75400 0.47000 0.13065   0   0 bad
1387-553-53118 1.94150 18.58 0.59010  C*    M 3.51900 0.67900 5.68600 1.61800 0.54771   1   1 bad
0961-577-52615 2.91360 18.68 1.74892   E    M 4.96400 0.61600 5.11000 0.79000 0.33925   0   0 bad
1414-422-53135 2.33580 18.16 1.28472   D    M 0.22200 0.05500 0.36800 0.11900 0.36137   0   0 bad
0443-456-51873 1.83530 19.16 1.60913   D    M 1.66200 0.36400 1.91800 0.53700 0.08294   0   0 bad
1312-635-52781 0.91610 19.35 0.48667   C    M 2.10400 0.46000 1.16300 0.26300 0.24845   0   0 unsure
0605-202-52353 3.05640 19.49 1.16760  C*    M 2.72000 0.47300 3.02000 0.97200 0.55575   0   0 unsure
0452-592-51911 1.06880 19.46 0.67143   D    M 0.99500 0.17200 1.29600 0.39600 0.21012   0   0 bad
0559-001-52316 2.81010 18.88 1.07061  C*    M 2.59700 0.47600 0.86500 0.23200 0.54399   0   0 bad
0968-206-52412 2.03410 18.32 1.27023   C    M 2.73200 0.32000 2.49700 0.60000 0.28218   0   0 good
1338-204-52765 1.23850 19.34 0.59663   B    M 1.65600 0.38400 0.97400 0.24000 0.32560   0   0 good
1419-580-53144 1.67660 19.11 1.61705   D    M 3.23100 0.68000 3.23800 0.35700 0.02250   0   0 bad
1229-205-52723 2.08760 18.70 1.58874   B    M 2.09200 0.45800 1.49000 0.33300 0.17442   0   0 good
0789-031-52342 2.84990 19.42 1.06251  E*    M 4.88600 1.21300 8.46900 2.44200 0.55399   1   1 bad
0371-007-52078 1.89190 18.41 0.53990   C    M 2.35100 0.58000 1.59500 0.35600 0.55820   0   0 bad
0791-305-52435 1.77080 18.74 0.49486   C    M 5.07600 0.90400 3.05500 0.57400 0.54910   0   0 unsure
1610-356-53144 1.67520 18.48 1.04399   D    M 1.01000 0.22300 1.54500 0.48000 0.26283   1   1 bad
0390-272-51900 1.59310 19.30 0.99773  C*    M 4.60400 0.36300 1.15700 0.32400 0.25508   0   0 bad
0339-409-51692 1.59790 18.98 0.40734   D    M 1.12600 0.23900 1.50600 0.45800 0.54624   0   0 bad
1339-014-52767 1.49750 18.97 1.47729   D    M 1.53400 0.33800 1.06900 0.23400 0.00813   0   0 bad
0513-323-51989 1.30480 19.03 0.94258   B    M 1.25000 0.29700 1.60700 0.36200 0.16932   0   0 bad
0295-577-51985 1.83960 18.72 1.07000  C*    M 1.07600 0.25700 1.19200 0.33300 0.30599   0   0 bad
1588-566-52965 1.38700 18.76 1.34136   C    M 0.58800 0.07400 0.64300 0.14300 0.01931   0   0 bad
0501-019-52235 1.85510 19.17 1.80717   C    M 4.93300 0.56300 3.73000 0.45200 0.01694   1   1 bad
0307-011-51663 2.22600 18.25 1.66481   C   MC 1.63100 0.32000 0.81600 0.27200 0.18880   1   1 bad
0795-529-52378 1.33030 17.49 1.33405   B    M 0.52900 0.06400 0.60500 0.08500 -0.00162   0   0 good
1272-307-52989 2.20580 19.13 1.34457   C    M 2.27200 0.50000 0.76500 0.19000 0.30304   0   0 bad
1697-339-53142 2.47690 18.93 1.82942   C    M 5.29700 0.89900 3.65200 0.57500 0.20320   1   1 good
1323-320-52797 1.95380 18.67 0.98992   D    M 1.11500 0.15100 6.51900 1.83900 0.37565   0   0 bad
1210-317-52701 2.20030 18.96 1.72813   A    C 5.48300 1.23700 4.57400 0.71400 0.15827   0   0 good
0559-326-52316 3.11350 19.26 1.47516   E    M 2.20400 0.53700 2.34600 0.49600 0.46836   0   0 bad
1397-002-53119 1.82810 19.61 0.40158   C    M 3.01100 0.70200 1.68600 0.32200 0.60565   0   0 bad
1274-120-52995 1.44190 18.95 1.43983   C    M 1.88900 0.16200 1.44100 0.25400 0.00084   0   0 good
0509-331-52374 0.92380 18.26 0.52888   C    M 1.23500 0.30100 1.04700 0.20900 0.22579   0   0 good
1386-118-53116 2.23690 18.99 1.84998   D    M 1.76000 0.38600 2.01700 0.61700 0.12663   0   0 bad
0613-436-52345 1.82380 19.11 0.62355   C    M 1.48200 0.30100 1.34500 0.28900 0.50311   0   0 good
0339-107-51692 1.01550 19.53 1.01056   C    M 1.54800 0.36700 0.86500 0.16400 0.00246   0   0 unsure
0812-331-52352 2.30330 18.27 2.25968   A   CF 4.75700 0.91300 4.13400 0.82500 0.01328   0   0 good
1314-609-53050 1.67570 18.92 1.31714   C    M 1.55200 0.29900 1.98500 0.31200 0.14291   0   0 good
1323-320-52797 1.95380 18.67 0.59905   C    M 3.15500 0.35400 3.56900 0.37700 0.54670   0   0 bad
0566-196-52238 2.19130 19.23 1.76961   B    M 3.27700 0.68900 4.69300 0.83000 0.14079   0   0 bad
1052-112-52466 2.35720 19.01 1.83837  C*    M 3.09900 0.64500 3.94400 1.09700 0.16633   0   0 bad
1011-002-52652 1.83530 18.96 0.55727   D    M 5.07300 1.03300 5.10400 1.54600 0.53650   1   1 bad
0351-004-51780 1.54850 17.36 0.75066   D    M 0.73300 0.13400 0.25500 0.08300 0.35881   0   0 bad
0792-426-52353 0.46320 19.36 0.38854   C    M 1.24100 0.22100 1.43900 0.35600 0.05235   0   0 unsure
1742-005-53053 1.36500 19.15 1.30209   D    M 1.56500 0.34000 3.51600 0.45800 0.02695   0   0 bad
0760-014-52264 1.94320 18.75 1.02157   C    M 1.98800 0.25800 2.66400 0.45100 0.35890   0   0 good
0434-033-51885 1.96070 19.26 1.95339   B    M 5.85400 0.49900 2.82000 0.45100 0.00249   1   1 good
1276-467-53035 1.68230 18.96 0.98551   C    M 2.20700 0.47200 1.90100 0.40900 0.29206   0   0 bad
0779-342-52342 2.02710 18.29 0.47244   C    M 1.52100 0.34100 0.55100 0.10900 0.61733   0   0 bad
1214-152-52731 0.71940 17.76 0.48989   D    M 0.94700 0.16100 0.32500 0.09400 0.14230   0   0 unsure
1214-199-52731 1.30910 17.95 1.29924   B    M 1.82700 0.14700 1.24000 0.13700 0.00426   0   0 good
0506-634-52022 1.18190 19.11 0.99128   C    M 2.32400 0.18600 2.38600 0.23200 0.09118   0   0 bad
0394-435-51913 1.94630 19.25 1.31930   E    M 1.25900 0.25700 0.78900 0.10600 0.23482   1   1 bad
1643-625-53143 1.55570 19.00 0.68087  C*    M 0.73400 0.14800 1.78200 0.38200 0.39609   0   0 bad
1780-310-53090 1.27260 18.60 0.86096   D    M 1.08300 0.23000 1.52500 0.40200 0.19722   0   0 bad
0748-484-52233 3.15910 19.52 1.27149   D    M 3.37800 0.62200 10.82300 1.87700 0.54051   0   0 bad
0413-387-51929 2.92070 18.44 2.18049   A   CF 4.36200 0.92000 4.99200 1.50500 0.20624   1   1 good
0500-176-51994 2.93850 19.49 1.16094  C*    M 1.60900 0.33500 2.08400 0.61100 0.53722   0   0 bad
1218-607-52709 1.96760 18.61 1.76694   E    M 10.17500 0.37700 1.59300 0.21100 0.06990   0   0 bad
1747-288-53075 1.99960 17.82 1.96031   A    M 2.43900 0.14000 0.91100 0.17100 0.01317   0   0 good
0437-110-51869 1.78740 19.05 1.75481   A  MCF 5.52200 0.41100 7.67300 0.97600 0.01174   0   0 good
1293-122-52765 2.22460 17.68 1.29075   A   MF 1.89800 0.10400 1.75200 0.10300 0.32920   0   0 good
1822-223-53172 2.05600 19.27 2.01140  C*    M 5.98300 1.38100 4.22900 1.40700 0.01470   0   0 bad
0946-319-52407 2.03330 18.97 1.31712   D    M 2.49600 0.41000 0.78600 0.20900 0.26300   1   1 bad
0900-275-52637 2.41090 19.00 0.88567   E    M 0.31800 0.07400 0.78700 0.13600 0.53184   0   0 bad
0870-338-52325 1.62790 19.66 1.27387   B    M 2.38600 0.54600 2.23200 0.49100 0.14369   0   0 bad
0732-364-52221 1.91310 19.30 1.90676   A   MC 2.88900 0.50100 2.07500 0.46400 0.00217   1   1 good
0929-033-52581 2.43730 18.28 1.00008   C    M 0.89200 0.18200 0.99700 0.21300 0.49413   0   0 bad
0603-338-52056 2.53150 19.48 0.56333   C    M 3.57000 0.70700 2.23900 0.56200 0.67228   0   0 bad
0381-522-51811 3.00340 18.66 1.59508   B    M 4.39600 0.50700 2.06400 0.21300 0.40826   0   0 bad
0501-619-52235 1.36300 19.51 0.89926   D    M 2.73400 0.48400 1.31800 0.39800 0.21505   0   0 unsure
0660-463-52177 2.51960 18.89 0.88599   D    M 2.68600 0.24700 0.71700 0.18600 0.55384   0   0 bad
0511-203-52636 1.54150 18.36 1.35704   D    M 1.09500 0.22400 1.15500 0.30700 0.07520   0   0 unsure
0776-153-52319 0.67670 18.08 0.67609   C    M 0.67800 0.07700 0.39100 0.08200 0.00035   0   0 good
0386-137-51788 3.03240 18.55 1.19677   E    M 1.21200 0.21700 0.70600 0.16900 0.54228   0   0 bad
0529-312-52025 2.32330 18.71 0.77191   C    M 0.80400 0.17900 1.02000 0.20100 0.55729   0   0 bad
0383-326-51818 1.45880 19.21 1.19627   A   MF 6.73700 0.83500 5.62100 0.83100 0.11245   0   0 good
1322-376-52791 1.42540 18.89 0.39409   D    M 1.84300 0.32100 1.48100 0.41600 0.50334   0   0 unsure
1204-374-52669 2.11670 19.52 2.01027   B    M 8.13700 0.98500 10.37600 1.56200 0.03472   0   0 bad
0500-141-51994 1.69720 18.61 0.38807   D    M 0.87900 0.21500 0.95500 0.30300 0.58123   0   0 bad
1234-142-52724 0.57850 18.24 0.40807   C    M 1.40000 0.33000 1.29700 0.32500 0.11375   0   0 good
1009-282-52644 2.42580 17.66 0.68368   C    M 6.98200 0.23600 7.55900 0.26800 0.61090   1   1 bad
0457-318-51901 1.64520 19.26 1.23208   C    M 1.11600 0.27500 1.44400 0.34900 0.16820   0   0 bad
1593-050-52991 3.16820 19.07 1.36839   C    M 2.50600 0.41000 0.76100 0.17500 0.51187   0   0 bad
0646-470-52523 2.39550 18.62 1.79830   A    M 2.41800 0.50500 1.29700 0.30900 0.19105   0   0 bad
0664-215-52174 1.86570 18.37 0.43943   D    M 1.92500 0.21100 1.13300 0.32700 0.59705   0   0 bad
1419-551-53144 1.65450 19.14 1.43871   D    M 0.89000 0.17800 1.45800 0.43200 0.08457   0   0 bad
0618-599-52049 1.53190 18.02 1.46937   A    M 0.59700 0.14100 0.47400 0.09600 0.02499   0   0 bad
1278-605-52735 2.52000 18.99 0.98988   D    M 2.61700 0.38100 20.85000 3.70000 0.51565   0   0 bad
0878-192-52353 1.69200 18.88 1.69789   A   MC 7.77600 0.40700 6.51300 0.45200 -0.00220   1   1 good
0328-417-52282 1.26580 17.64 0.48785   D    M 1.15700 0.15100 0.34000 0.10100 0.39743   1   1 bad
0408-318-51821 0.89140 18.77 0.41609   D    M 0.74900 0.18400 1.28000 0.36000 0.28161   0   0 bad
0970-319-52413 1.22610 18.73 0.44913   D    M 0.76400 0.15500 0.65000 0.19800 0.40473   0   0 bad
0783-333-52325 0.76670 18.38 0.41916   D    M 0.71600 0.10300 0.65500 0.19100 0.21562   0   0 bad
0393-298-51794 2.08770 17.89 0.66122   A   MF 4.41200 0.14200 9.34900 0.21700 0.55103   0   0 good
1343-433-52790 1.69690 19.14 1.38125   C    M 1.65900 0.32200 1.35600 0.33200 0.12383   0   0 bad
0878-322-52353 1.67160 18.55 0.49250   D    M 0.47500 0.09300 0.64900 0.19700 0.52429   0   0 bad
0464-597-51908 1.55740 18.59 0.73632   C    M 1.22000 0.12300 0.42400 0.10500 0.36896   1   1 bad
0311-106-51665 0.82310 18.86 0.82297   A   MF 3.17100 0.19700 1.84700 0.18000 0.00008   0   0 good
0273-496-51957 1.28320 18.99 1.19354   C    M 1.33300 0.25100 2.04700 0.39300 0.04003   0   0 good
0844-634-52378 1.66740 18.92 0.67982   B   MF 2.91200 0.48900 2.47800 0.50900 0.43204   0   0 unsure
1439-529-53003 1.26400 18.48 0.51250   B    M 2.02700 0.25400 0.71100 0.15500 0.38284   0   0 good
0542-029-51993 1.04780 19.42 0.53351   D    M 0.75800 0.17600 0.62100 0.18300 0.28139   0   0 bad
1572-304-53177 1.75900 18.71 0.86183   D    M 1.43600 0.29700 0.73700 0.22000 0.37421   0   0 unsure
0963-320-52643 2.07660 19.01 0.75457   D    M 1.10000 0.17300 0.91000 0.24400 0.50916   1   1 bad
0755-348-52235 1.69790 19.47 1.45384  C*    M 1.40900 0.24900 2.56400 0.41400 0.09453   0   0 bad
0895-576-52581 2.51880 18.96 1.76893   C    M 2.54100 0.50800 4.76700 0.96100 0.23519   0   0 bad
1460-277-53138 2.46420 19.01 2.02667   C    M 3.09700 0.71200 1.56800 0.31200 0.13421   0   0 bad
1349-348-52797 0.74890 18.86 0.38987   D    M 2.19700 0.43100 0.89900 0.28900 0.22583   1   1 bad
0569-519-52264 1.86750 18.65 1.79931   C    M 2.27700 0.50900 1.29100 0.31100 0.02407   0   0 bad
1601-219-53115 1.88340 17.41 0.58311   C    M 2.29000 0.46600 3.16000 0.77300 0.53674   1   1 bad
1301-036-52976 1.53460 18.45 1.46767   E    M 2.08100 0.33000 0.25400 0.07300 0.02676   0   0 bad
1677-599-53148 1.82180 18.47 0.40269   E    M 1.26600 0.16300 1.25000 0.19900 0.60372   1   1 bad
0789-319-52342 1.19100 18.83 0.61695   C    M 2.14100 0.47800 0.97000 0.24300 0.29482   0   0 bad
0436-476-51883 1.95080 18.91 0.92946   C    M 5.00200 0.33200 2.56800 0.23000 0.40101   0   0 bad
0523-455-52026 2.04350 19.17 0.67742   D    M 1.70700 0.27000 5.04400 0.29300 0.53403   0   0 bad
0550-477-51959 3.64530 18.66 1.53476   D    M 6.91900 1.24600 8.46200 0.42500 0.54113   1   1 bad
0589-409-52055 1.65300 19.06 1.65014   A   MC 1.08600 0.20800 0.84500 0.21100 0.00108   0   0 good
1370-450-53090 1.42470 18.70 0.47753   B   MF 1.89600 0.24000 1.18100 0.23200 0.45844   0   0 good
1222-355-52763 1.56200 18.12 0.39305   C    M 4.52500 0.53400 2.52600 0.35800 0.54363   0   0 bad
1038-311-52673 2.05670 18.84 0.82259  C*    M 1.72400 0.37700 1.94500 0.49800 0.47543   0   0 bad
0520-343-52288 1.56750 18.69 0.42040   C    M 5.80700 0.65600 3.98900 0.27000 0.53134   1   1 bad
1758-222-53084 2.20430 17.65 0.42601   C    M 1.74800 0.10000 0.87900 0.11500 0.66938   0   0 bad
1057-612-52522 1.77610 17.79 1.79498   A    M 16.85400 0.58400 14.01000 0.48700 -0.00678   0   0 good
0774-596-52286 1.86760 19.34 1.63210   E    M 2.43200 0.49600 2.69700 0.38700 0.08549   1   1 bad
0587-333-52026 2.05740 18.91 0.67668   D    M 0.46600 0.10800 0.34500 0.11300 0.53759   0   0 bad
0937-311-52707 2.11140 19.27 1.71600   D    M 3.60000 0.76200 3.85300 1.05000 0.13508   0   0 bad
0306-225-51637 3.71580 19.29 1.23287   B    M 8.48900 1.08900 2.85200 0.55100 0.63373   1   1 unsure
0484-028-51907 1.74390 19.60 1.46584   D    M 2.14400 0.42100 1.78100 0.56900 0.10645   0   0 bad
1169-496-52753 1.15010 18.72 1.11905   D    M 1.15600 0.24400 1.15900 0.33600 0.01455   0   0 bad
0841-454-52375 1.68770 17.29 0.46451   C    M 4.25200 0.36600 3.27400 0.15100 0.54214   1   1 bad
0434-144-51885 2.40010 19.62 1.71039  C*    M 2.96600 0.59000 3.76100 1.12200 0.22292   1   1 bad
1190-614-52670 3.55960 18.35 1.31156   D    M 1.47400 0.34200 0.80100 0.26100 0.59108   0   0 bad
0750-235-52235 3.55610 19.07 1.65596   E    M 1.37000 0.32500 2.19400 0.45500 0.49274   1   1 unsure
1384-347-53121 3.14030 19.23 1.99288   B    M 9.64500 1.07000 6.94900 0.99300 0.31361   0   0 bad
0865-443-52323 2.00310 19.08 1.11182   D    M 1.92600 0.29500 1.00600 0.32100 0.33823   0   0 bad
1054-307-52516 2.07210 18.78 1.59141   D    M 1.82600 0.32300 1.40900 0.36200 0.16852   0   0 bad
0901-570-52641 3.57130 18.79 1.52469   E    M 2.70700 0.35300 1.54600 0.26800 0.53254   0   0 bad
0827-136-52312 1.38780 18.80 0.71315   D    M 1.04200 0.21600 0.65500 0.21100 0.32034   0   0 bad
0437-175-51869 1.53450 19.64 0.93814   D    M 0.88400 0.18200 1.53800 0.37000 0.26203   0   0 bad
0424-213-51893 3.00970 19.13 2.00134  C*    M 4.66900 0.45900 4.68200 1.34800 0.28182   0   0 bad
0432-483-51884 0.85710 18.74 0.85544   C    M 1.52300 0.14100 1.26800 0.14000 0.00089   0   0 good
0505-004-52317 0.91330 18.64 0.44039   C    M 1.48000 0.34400 1.33100 0.32000 0.27655   0   0 bad
0634-012-52164 1.73960 19.23 0.85470   D    M 1.88700 0.36400 1.04600 0.34300 0.37145   0   0 unsure
0638-131-52081 0.84190 18.31 0.84104   C    M 0.86400 0.13600 0.70400 0.13000 0.00047   0   0 good
0735-318-52519 1.42500 18.84 1.34087   B    M 1.31900 0.26900 2.04800 0.40800 0.03531   0   0 bad
0820-430-52438 2.09390 19.08 1.98285   C    M 4.94800 0.94600 3.57800 0.86200 0.03652   0   0 bad
0564-408-52224 3.80810 19.09 1.17005   C    M 2.22200 0.35000 2.53700 0.33400 0.66154   0   0 good
0649-298-52201 1.87360 19.26 0.53665   C    M 2.13300 0.49000 1.08400 0.27200 0.55526   0   0 unsure
0900-519-52637 0.57340 18.26 0.56689   C    M 0.40000 0.08500 0.31500 0.07900 0.00415   0   0 unsure
0363-302-51989 1.57540 19.13 0.79357   D    M 0.60400 0.11100 0.89300 0.25700 0.34679   0   0 bad
0881-635-52368 2.16260 18.64 1.26520   C    M 1.30800 0.21800 1.75400 0.23200 0.32188   1   1 bad
0373-147-51788 1.63340 18.84 0.45556   C    M 5.24900 0.38200 4.71800 0.39900 0.53196   0   0 bad
0724-243-52254 0.95410 18.79 0.50867   D    M 0.91800 0.20400 0.68300 0.21600 0.25310   0   0 bad
0475-121-51965 0.58720 16.70 0.59332   C    M 0.12000 0.02600 0.12900 0.02900 -0.00387   0   0 bad
0485-369-51909 2.22870 18.48 0.86782   B    M 1.14800 0.25200 0.68900 0.15400 0.49850   0   0 good
0308-558-51662 1.75970 18.84 0.51117   E    M 1.76100 0.15000 1.41100 0.17400 0.53865   0   0 bad
0428-225-51883 1.92060 18.75 0.64728   D    M 1.66400 0.36300 1.70800 0.43600 0.51731   0   0 bad
0388-303-51793 2.18210 18.58 1.83503  E*    M 2.24200 0.54100 2.28700 0.61500 0.11497   0   0 bad
0494-555-51915 1.98810 18.73 1.44668   C    M 0.69700 0.17200 0.55300 0.13400 0.19728   0   0 bad
0877-302-52353 1.79260 18.80 1.27005   C    M 1.85100 0.33300 1.61800 0.39800 0.20427   0   0 unsure
0583-349-52055 2.14660 18.70 2.11576   A    C 4.47400 0.78300 2.85700 0.69500 0.00983   0   0 good
0464-562-51908 2.27230 19.09 1.99021   D    M 2.72000 0.47600 7.05000 1.38400 0.08991   0   0 bad
0955-221-52409 1.88060 17.89 1.74495   A   MC 0.93300 0.16000 0.82000 0.17000 0.04819   0   0 good
0830-146-52293 3.67930 18.50 1.62236   C    M 1.35100 0.28000 1.59200 0.31900 0.52199   0   0 bad
0503-456-51999 3.37790 18.03 1.45592   C    M 1.23300 0.13100 1.27700 0.09500 0.52127   0   0 good
1419-090-53144 1.51910 19.04 0.98676   C    M 2.70900 0.65500 3.26600 0.37900 0.23304   0   0 bad
0660-396-52177 1.80750 17.84 1.62475   C    M 0.89700 0.08800 1.05700 0.07500 0.06722   0   0 bad
1197-418-52668 1.67530 18.84 1.62232   C    M 4.50300 0.62500 1.54500 0.33000 0.01999   1   1 bad
1269-315-52937 1.54500 19.10 0.50358   C    M 1.10600 0.26800 0.91200 0.15500 0.48253   0   0 bad
0944-506-52614 2.42540 19.05 1.79409   A    M 2.98600 0.38800 3.03500 0.38300 0.20094   0   0 bad
0459-460-51924 4.04780 19.09 1.92619   D    M 2.34600 0.46100 2.26400 0.58100 0.49696   0   0 bad
0388-624-51793 2.16860 18.46 1.87873   C    M 1.95000 0.44000 0.98600 0.22900 0.09566   0   0 bad
1161-296-52703 1.01420 19.12 0.43737   C    M 3.42800 0.65000 2.25200 0.52900 0.32518   0   0 bad
0407-076-51820 2.25590 18.93 1.81452  C*    M 2.35400 0.55300 2.31500 0.60700 0.14467   0   0 bad
0724-327-52254 1.87830 18.52 1.27387   D    M 0.84800 0.19800 0.39700 0.11700 0.23143   0   0 bad
1585-188-52962 0.97090 18.70 0.41548   D    M 0.42800 0.08200 0.64200 0.20700 0.31943   0   0 bad
1236-309-52751 2.22710 18.76 1.27032   E    M 1.47600 0.32700 5.04500 0.60100 0.33785   0   0 bad
1384-629-53121 1.03440 18.08 0.46773   C    M 0.51200 0.07800 0.59700 0.14100 0.31534   0   0 bad
0290-510-51941 2.15400 19.10 1.23751   D    M 2.61500 0.48600 1.33000 0.43300 0.33043   1   1 bad
0410-142-51816 2.25810 17.68 1.98482   A    M 1.62600 0.27400 1.55600 0.33000 0.08737   0   0 bad
0974-620-52427 1.12240 18.76 0.41754   C    M 0.88900 0.19700 1.22500 0.24200 0.38306   0   0 unsure
1202-502-52672 1.34680 19.43 1.27497   D    M 1.38300 0.29600 1.73400 0.44100 0.03106   0   0 unsure
1159-401-52669 1.30440 18.49 1.30158   C    M 1.08800 0.12600 0.62700 0.13200 0.00124   0   0 good
0961-578-52615 3.06500 18.34 0.80584   D    M 1.34700 0.16600 0.70500 0.18400 0.67035   1   1 bad
0429-345-51820 1.70330 19.10 1.05424   D    M 0.79400 0.14200 1.19300 0.33500 0.26787   0   0 bad
1581-086-53149 2.13620 19.46 0.72397  D*    M 2.67500 0.31600 0.83900 0.24900 0.53590   1   1 bad
0928-591-52578 2.39900 19.44 1.97164   A   CF 11.40200 2.33600 14.93100 1.39300 0.13356   1   1 good
0532-201-51993 3.06830 19.03 1.99419   C    M 3.72900 0.68700 4.51000 0.66200 0.29730   0   0 bad
1737-639-53055 1.79740 18.77 0.60098   C    M 0.82500 0.19300 0.34700 0.07400 0.50654   0   0 unsure
0561-553-52295 3.11320 19.62 1.28284   C    M 2.87300 0.39500 2.73400 0.38700 0.52902   1   1 good
1612-179-53149 0.46510 18.30 0.45940   B    M 4.38300 0.28400 4.28800 0.18500 0.00392   1   1 good
1676-045-53147 0.99550 18.74 0.61755   C    M 1.50100 0.27600 2.20400 0.33300 0.20696   0   0 good
0586-459-52023 0.75800 19.20 0.62635   D    M 1.17300 0.28800 0.62300 0.20200 0.07769   0   0 bad
0605-497-52353 1.20010 18.46 1.19140   B    M 2.22700 0.13100 1.19300 0.11300 0.00396   0   0 good
0771-114-52370 1.78770 19.05 1.29173   B    M 2.98400 0.36300 1.80200 0.31000 0.19346   0   0 good
1416-031-52875 2.19490 18.32 0.73861   E    M 2.58800 0.56200 4.19500 0.52000 0.54305   1   1 bad
0561-531-52295 1.23530 18.35 0.52111   C    M 0.34400 0.06500 0.38200 0.09600 0.36700   0   0 bad
1331-187-52766 2.81450 18.56 1.84600   C    M 1.94500 0.45700 2.07000 0.49000 0.28480   0   0 bad
1345-105-52814 1.47530 18.66 0.42026   D    M 0.69300 0.16400 0.91000 0.24300 0.50465   0   0 bad
0638-640-52081 1.51750 19.30 0.46034   C    M 2.28800 0.51400 1.39700 0.28200 0.49646   0   0 unsure
1599-380-53089 2.82300 18.45 0.90064   C    M 5.86000 0.46800 4.09100 0.31500 0.60363   1   1 bad
1195-129-52724 2.14180 19.05 2.00157   D    M 3.60800 0.76800 2.56300 0.78900 0.04564   0   0 bad
1170-516-52756 0.93270 17.27 0.78667   B    M 0.31800 0.07500 0.17800 0.04400 0.07839   0   0 good
0619-085-52056 2.16860 19.18 1.59633  C*    M 2.89700 0.27600 3.96900 0.38300 0.19661   0   0 bad
0849-573-52439 1.94440 18.66 1.74933   A   MF 1.17900 0.28400 1.95100 0.48100 0.06844   0   0 good
1061-499-52641 1.95400 18.95 1.80903   C    M 3.29800 0.63000 3.54700 0.62300 0.05026   0   0 unsure
0527-452-52342 1.59520 16.49 0.42462   C    M 6.47500 0.16300 3.37100 0.22200 0.53688   1   1 bad
0487-502-51943 1.91050 18.64 0.72446   B    M 1.36700 0.29200 1.02100 0.24100 0.48033   0   0 good
0527-416-52342 2.82470 18.57 1.85450   C    M 1.78300 0.40400 2.43100 0.59200 0.28451   0   0 bad
0664-274-52174 1.75830 19.23 1.70980   C    C 2.37800 0.56200 4.20000 0.63300 0.01775   0   0 good
1041-221-52724 2.42830 18.24 1.79574   C    M 1.45200 0.27500 1.39400 0.18700 0.20119   0   0 bad
1201-056-52674 1.27990 19.01 1.11785   E    M 3.34700 0.38000 4.97500 0.53300 0.07358   0   0 bad
0494-555-51915 1.98810 18.73 1.77709  C*    M 2.03100 0.31800 3.99100 0.83200 0.07309   0   0 bad
0776-343-52319 1.54850 19.28 1.09327   A   MF 1.78400 0.42800 2.92500 0.79800 0.19428   0   0 good
0632-588-52071 1.49490 18.65 1.04270   D    M 0.87500 0.20800 1.02800 0.32800 0.19734   0   0 bad
0285-616-51930 1.52650 18.05 1.41837   A   MF 4.24500 0.15100 3.61100 0.13500 0.04373   0   0 good
1419-580-53144 1.67660 19.11 1.45035   C    M 1.84800 0.46000 1.28200 0.20700 0.08810   0   0 bad
0433-591-51873 1.58690 19.19 0.43491   D    M 1.59600 0.22900 0.99100 0.28600 0.52944   0   0 bad
0610-161-52056 2.42330 19.68 1.97059   C    M 7.33400 0.98200 6.48500 0.55500 0.14091   0   0 bad
0776-533-52319 2.32240 17.87 0.82707   C    M 9.10800 0.26100 8.67900 0.13500 0.53561   1   1 bad
0611-188-52055 3.71650 18.63 1.53488   E    M 6.75000 1.21100 12.60700 0.52300 0.55177   1   1 bad
1407-165-52886 1.81030 18.97 0.87430   D    M 4.00400 0.40000 1.12400 0.37200 0.38428   0   0 bad  
1233-613-52734 1.93650 18.32 0.45560   D    M 2.76300 0.32200 1.00700 0.27000 0.60551   0   0 bad  
0610-111-52056 1.99890 19.41 1.86873   D    M 3.64400 0.62300 2.39200 0.61900 0.04434   0   0 bad  
0855-613-52375 1.39830 18.71 1.29704   C    M 0.77200 0.13400 0.82300 0.16500 0.04313   0   0 good  
0600-291-52317 1.98980 19.22 0.53320   C    M 1.05300 0.25000 0.89500 0.16300 0.58356   0   0 bad  
0291-152-51928 1.68700 18.21 0.48310   C    M 0.83000 0.13600 0.35700 0.07200 0.53298   0   0 unsure  
0547-118-52207 1.22090 19.11 0.98465   C    M 0.90000 0.19300 1.23400 0.24200 0.11199   0   0 bad  
0875-445-52354 3.13330 19.16 1.15354   C    M 1.59900 0.35300 1.23800 0.20900 0.57299   0   0 bad  
1317-507-52765 2.19530 18.92 1.84771   C    M 3.82600 0.49500 3.14500 0.48700 0.11468   0   0 bad  
1467-609-53115 3.11820 19.12 1.93566  C*    M 1.99500 0.48200 2.11900 0.61400 0.32612   0   0 bad  
0650-048-52143 3.64680 19.25 2.03769   B    M 4.05400 0.80600 4.40000 0.66500 0.40121   1   1 bad  
1375-350-53084 0.77000 18.38 0.48273   D    M 0.46800 0.08200 0.61600 0.16800 0.17528   0   0 bad  
0789-304-52342 1.30850 18.24 0.46636   C    M 0.87800 0.17300 0.82900 0.17100 0.42504   0   0 bad  
0946-436-52407 2.63020 18.53 0.63350  E*    M 0.83300 0.16800 0.43400 0.13100 0.66323   0   0 bad  
1043-379-52465 0.96350 19.08 0.46704   D    M 0.74600 0.14100 1.50500 0.45400 0.28351   0   0 bad  
0789-304-52342 1.30850 18.24 0.48473   D    M 3.09500 0.61700 1.16200 0.31700 0.41479   0   0 bad  
1306-637-52996 1.96630 18.69 1.14650   C    M 1.70100 0.36500 1.90500 0.36500 0.31265   0   0 unsure  
1163-631-52669 1.69470 19.03 1.47388   D    M 1.05100 0.19000 0.79900 0.25800 0.08529   0   0 bad  
0929-620-52581 1.65020 18.89 1.62232   D    M 2.69000 0.56500 7.88800 1.12600 0.01058   0   0 bad  
0380-611-51792 1.50580 19.17 1.47848   D    M 2.90500 0.48600 1.10000 0.30200 0.01096   0   0 bad  
0509-025-52374 1.18170 18.78 1.19068   C    M 1.99100 0.24700 2.12000 0.26800 -0.00411   0   0 good  
1006-072-52708 1.41320 19.02 0.99743   D    M 1.64100 0.33800 1.39600 0.44100 0.18686   0   0 bad  
0847-606-52426 1.33960 18.41 1.22613   B    M 1.35400 0.33400 1.04200 0.19900 0.04969   0   0 unsure  
0756-341-52577 0.87310 18.05 0.41603   D    M 0.25200 0.03700 0.22500 0.07300 0.27267   0   0 bad  
1019-114-52707 3.65990 19.47 1.23216   D    M 3.35800 0.82600 2.18700 0.70200 0.62674   0   0 bad  
1642-585-53115 1.53990 17.51 0.39939   C    M 0.29600 0.04300 0.24300 0.05500 0.53425   1   1 bad  
0935-177-52643 2.42220 19.19 0.58618   D    M 1.18600 0.25800 1.95200 0.60500 0.64632   0   0 bad  
0878-098-52353 2.06820 19.00 0.99816   C    M 7.28500 0.43700 2.27300 0.50700 0.40436   1   1 bad  
0557-126-52253 2.17750 19.07 1.81857   D    M 2.98300 0.66000 3.28100 1.04200 0.11931   1   1 bad  
0290-510-51941 2.15400 19.10 0.73171   E    M 7.98700 1.59000 7.95300 0.79900 0.53674   1   1 bad  
1740-342-53050 3.63000 19.63 1.62776  C*    M 8.03800 0.97600 3.06100 0.91400 0.51274   1   1 bad  
0825-319-52289 2.34750 18.82 1.47327   C    M 2.43700 0.49500 0.77700 0.19500 0.29376   0   0 bad  
0617-091-52072 2.15870 17.45 0.40290   E    M 0.15400 0.03600 0.82500 0.16000 0.67049   1   1 bad  
1452-207-53112 0.80490 18.76 0.80333   A    M 4.25300 0.50500 4.42000 0.42600 0.00085   0   0 good  
0335-144-52000 1.31480 18.62 0.65514   C    M 2.59900 0.19100 1.50800 0.29200 0.32341   0   0 good  
0418-316-51817 1.68670 19.22 0.96952   D    M 2.15500 0.52200 1.38600 0.44900 0.30090   0   0 bad  
0486-035-51910 1.15400 18.95 0.98578   D    M 1.98600 0.38600 1.58200 0.42700 0.08114   0   0 unsure  
1698-304-53146 1.65200 18.27 1.54527  C*    M 0.70900 0.17200 0.60000 0.18400 0.04107   0   0 bad  
0556-439-51991 1.93500 19.41 1.31845   A   MF 16.03900 0.69200 15.53500 0.72900 0.23153   0   0 good  
1742-348-53053 2.21030 18.27 0.51697  D*    M 1.72900 0.31400 1.20500 0.32500 0.63495   1   1 bad  
0386-449-51788 1.48020 19.54 1.27008   C    M 3.02900 0.63100 3.31500 0.69200 0.08831   0   0 unsure  
0900-480-52637 1.52100 19.04 1.02347   D    M 1.26000 0.22700 0.90400 0.26500 0.21635   0   0 unsure  
0434-171-51885 2.03110 19.18 0.95274   D    M 0.93100 0.21500 0.83200 0.22900 0.41338   0   0 bad  
0752-489-52251 1.26480 18.57 1.01798   D    M 0.72800 0.16700 0.59100 0.18900 0.11488   0   0 bad  
0451-529-51908 1.37970 16.68 1.28375   C    M 0.21500 0.04200 0.18800 0.03000 0.04112   0   0 unsure  
1240-231-52734 1.53950 18.78 0.39902   D    M 1.05500 0.26000 0.69000 0.20200 0.53434   0   0 bad  
0569-055-52264 1.18150 18.25 0.72108   D    M 1.47500 0.31900 0.39000 0.10700 0.23272   0   0 bad  
1161-247-52703 3.38350 19.64 0.98466  C*    M 3.47700 0.45100 5.34500 0.40800 0.65977   0   0 bad  
1588-207-52965 1.73410 18.76 1.44729   D    M 1.02600 0.22100 0.59900 0.18100 0.11038   0   0 bad  
0446-634-51899 3.86060 18.45 1.16350   D    M 0.41000 0.06900 0.39700 0.12900 0.66928   1   1 bad  
0273-439-51957 1.35460 19.01 1.32734   D    M 2.45600 0.27300 1.26100 0.32900 0.01164   0   0 good  
0586-628-52023 2.01880 19.10 0.54713   D    M 1.56700 0.38400 2.65800 0.40300 0.58396   0   0 bad  
0519-261-52283 2.15730 19.16 2.01712   D    M 6.41700 0.94000 7.31100 0.76500 0.04537   0   0 bad  
1319-519-52791 2.59350 18.90 1.84365   C    M 5.43900 0.66100 3.39200 0.50600 0.22986   0   0 bad  
0618-607-52049 1.79660 19.01 1.80085   A    M 2.42000 0.59700 2.43700 0.53600 -0.00153   0   0 bad  
1001-483-52670 1.90610 18.67 0.58325   C    M 8.37700 1.63600 2.95000 0.38400 0.54225   1   1 bad  
0394-336-51913 2.31950 18.17 1.01495   D    M 0.24000 0.04300 0.16800 0.04400 0.46150   0   0 bad  
1310-388-53033 2.95590 17.77 1.12813   E    M 2.74100 0.48600 1.39200 0.23500 0.55111   1   1 bad  
1264-538-52707 2.11240 18.71 1.56541   A   MC 1.23400 0.27600 1.72600 0.32000 0.19090   0   0 good  
0458-488-51929 1.58380 19.29 1.48017   D    M 0.94200 0.21800 1.16700 0.36600 0.04091   0   0 bad  
1735-420-53035 3.00810 19.32 1.82780   D    M 2.19400 0.42800 5.72800 0.71100 0.33533   0   0 bad  
0924-454-52409 0.73330 19.11 0.70235   D    M 2.15800 0.43900 1.20900 0.35800 0.01803   0   0 bad  
0372-344-52173 2.05680 18.90 0.68793   D    M 0.57600 0.14200 0.63800 0.17400 0.53266   0   0 bad  
0290-532-51941 2.03020 17.77 0.69976   C    M 1.17000 0.14300 0.99700 0.18100 0.52131   0   0 good  
1372-154-53062 3.27820 17.72 1.20924  C*    M 1.51000 0.33900 4.54600 0.30400 0.57894   1   1 bad  
1195-011-52724 1.80210 19.07 1.81571   D    M 1.37300 0.29800 2.04800 0.52300 -0.00483   0   0 bad  
0839-425-52373 0.49710 18.82 0.42509   D    M 3.29900 0.78800 1.47100 0.43200 0.04926   0   0 bad  
0820-605-52438 1.76740 19.50 1.50661   D    M 1.40900 0.34400 0.84600 0.25600 0.09865   0   0 bad  
1689-095-53177 1.48680 19.44 0.99093   D    M 3.01100 0.48400 9.20700 2.66200 0.21880   0   0 bad  
0276-010-51909 2.12940 19.09 1.87603   C    M 2.50800 0.45500 2.29400 0.44300 0.08425   0   0 bad  
0651-494-52141 1.95840 17.98 0.62416   E    M 0.41800 0.06700 0.82300 0.14600 0.53681   0   0 bad  
1362-320-53050 1.08920 18.28 0.40043   D    M 0.46200 0.10000 0.45000 0.12700 0.37997   0   0 bad  
0490-001-51929 1.71420 18.30 1.57809   C    M 1.56200 0.24500 1.76600 0.21400 0.05140   0   0 bad  
0327-124-52294 2.06790 18.11 0.70362   D    M 1.39300 0.14400 0.30900 0.09200 0.52864   0   0 bad  
