1224-194-52765 1.08760 17.77 1.05441   D    M 0.65200 0.09400 0.51800 0.14100 0.01603   0   0 good
1423-607-53167 1.16830 18.18 0.87927   B    M 1.74400 0.14100 1.46300 0.19000 0.14210   0   0 good
0488-510-51914 1.50670 17.82 0.70045   C    M 1.06600 0.07900 0.99200 0.08700 0.36971   0   0 good
0601-600-52316 2.05550 18.53 1.82445   A  MCF 4.21200 0.44400 2.78100 0.64000 0.07846   0   0 good
0976-299-52413 2.06800 18.76 0.53697   C    M 0.96300 0.16000 0.69000 0.15800 0.59876   0   0 good
0508-082-52366 1.75610 18.96 1.57103   A    M 2.96000 0.33900 1.19100 0.24000 0.06939   0   0 good
0334-165-51993 1.80320 18.65 1.76016   A   MC 3.82800 0.64200 1.93100 0.34500 0.01548   0   0 good
1440-016-53084 1.22970 19.02 1.12439   B    M 2.46700 0.44100 2.69300 0.45800 0.04836   0   0 good
0514-202-51994 1.88280 19.24 1.75456   A   CF 6.96600 0.71300 8.66600 1.50900 0.04547   0   0 good
0411-306-51817 2.00120 17.02 1.33694   A   MF 4.24600 0.09200 3.22100 0.10100 0.24509   0   0 good
1389-112-53135 1.05410 18.89 0.80501   A   MF 2.29600 0.21300 1.06400 0.23100 0.12855   0   0 good
1704-532-53178 1.55950 18.62 1.29230   B    M 2.01000 0.19300 1.63500 0.20200 0.10981   0   0 good
0791-247-52435 2.28010 18.54 1.19241   A   MF 4.93000 0.28000 3.43800 0.28100 0.38240   1   1 good
1184-436-52641 1.76440 19.34 1.31994   A   MF 3.88600 0.40900 3.04900 0.42600 0.17350   0   0 good
1701-210-53142 1.04550 18.93 0.68374   C    M 1.63200 0.31900 2.41500 0.37500 0.19218   0   0 good
0792-461-52353 2.04790 19.04 0.50717   B    M 2.88200 0.33500 2.03600 0.30300 0.60703   0   0 good
0402-505-51793 3.70370 18.43 1.17415   C    M 3.03500 0.24600 2.25400 0.21900 0.64792   1   1 good
0902-605-52409 2.00830 18.91 1.45153   A   MF 4.33600 0.29600 4.11100 0.40300 0.20185   0   0 good
1012-290-52649 1.64190 18.95 1.49996   D    M 2.18200 0.29600 0.70300 0.20200 0.05516   0   0 good
0991-426-52707 2.18100 19.16 1.17613   D    M 1.60900 0.24100 0.76700 0.23100 0.36240   0   0 good
0384-223-51821 1.88620 18.79 0.70718   C    M 2.07700 0.35900 2.57900 0.31200 0.48163   1   1 good
0786-215-52319 1.30750 18.96 0.39194   D    M 2.35400 0.48100 1.02800 0.31200 0.46640   0   0 good
0794-556-52376 0.70710 18.91 0.45015   C    M 1.07900 0.22500 1.34100 0.30400 0.16169   0   0 good
1004-414-52723 2.40960 19.16 1.40587   C    M 1.86400 0.29400 1.89400 0.34800 0.33520   0   0 good
1201-247-52674 1.58050 18.52 0.60368   B   MF 3.67500 0.20400 2.95700 0.22400 0.44277   0   0 good
0450-020-51908 1.88270 17.91 0.76630   A   MF 2.02200 0.08900 1.55600 0.09200 0.45408   0   0 good
0592-143-52025 1.75440 18.89 1.70022   A   MF 8.03800 0.45000 8.73700 0.44900 0.01988   0   0 good
0862-580-52325 2.31190 17.87 1.64499   A    M 1.70400 0.14500 1.40400 0.14100 0.22113   1   1 good
1420-178-53146 3.19740 18.12 0.86148   C    M 1.35700 0.07800 1.24900 0.08300 0.67129   0   0 good
0665-163-52168 1.07160 18.38 0.94318   C    M 1.09200 0.15200 0.53600 0.12400 0.06390   0   0 good
1346-524-52822 1.12660 17.42 0.94597   B    M 0.79800 0.13400 0.71800 0.09200 0.08851   0   0 good
0775-381-52295 1.83520 19.52 0.75665   C    M 3.81800 0.60100 2.72900 0.57700 0.44519   0   0 good
1726-241-53137 2.30120 18.86 0.77602   A   MF 4.80400 0.34500 2.90900 0.29200 0.55106   0   0 good
0927-058-52577 1.98840 19.16 1.61570   A   MC 5.10500 0.77300 6.00200 0.83700 0.13242   0   0 good
1738-614-53051 1.63740 17.58 1.53175   A  MCF 3.13000 0.12500 2.37900 0.12800 0.04085   1   1 good
0495-327-51988 1.66580 18.13 0.88758   B   MF 3.21800 0.24300 2.63900 0.22000 0.33211   0   0 good
1399-327-53172 1.90960 19.43 0.99670   B   MF 1.86100 0.37900 3.20000 0.45800 0.35969   0   0 good
1392-544-52822 1.58470 19.49 1.40278   A   MF 7.69400 0.36200 6.68800 0.33300 0.07284   0   0 good
0967-416-52636 1.31360 19.07 0.86649   C    M 1.25100 0.21300 1.10800 0.26400 0.21148   0   0 good
0652-607-52138 1.68670 18.63 1.36695   C    M 1.19400 0.22300 1.44100 0.25700 0.12604   0   0 good
0426-341-51882 1.64210 16.72 1.37433   A   MF 1.61600 0.08200 1.22300 0.09000 0.10647   0   0 good
1457-518-53116 1.08540 17.84 0.91065   C    M 0.89700 0.09300 0.35000 0.08500 0.08730   0   0 good
0475-581-51965 2.29570 18.65 0.54198   B    M 1.45400 0.24300 1.37900 0.29800 0.64081   0   0 good
0422-204-51811 0.87390 18.35 0.83721   C    M 0.79900 0.11400 0.42100 0.05800 0.01977   0   0 good
0283-238-51959 1.01200 18.89 0.58277   C    M 1.23600 0.29300 0.81000 0.15900 0.23543   0   0 good
1650-574-53174 3.40780 19.59 1.79409   B    M 4.60900 0.87200 1.61400 0.46500 0.42671   0   0 good
1308-057-53053 1.47930 17.76 0.92225   A   MF 2.03200 0.14600 2.08500 0.14000 0.24912   0   0 good
0592-254-52025 2.00020 18.65 0.79275   A   MF 1.49400 0.21700 1.28800 0.25400 0.47378   1   1 good
0448-466-51900 2.47770 17.97 1.00162   C    M 1.40000 0.13300 0.83000 0.13600 0.50233   0   0 good
0731-327-52460 3.27910 17.93 1.68935   C    M 1.11300 0.14300 0.80800 0.14100 0.43371   0   0 good
1384-627-53121 1.89550 17.79 1.53777   A   MC 2.78000 0.15000 2.42400 0.15600 0.13111   0   0 good
0595-589-52023 2.07670 18.30 1.00735   A   MF 4.57600 0.22500 3.81700 0.19000 0.40285   0   0 good
1337-247-52767 1.89210 18.25 0.77052   C    M 1.18500 0.16600 0.85600 0.15100 0.45478   0   0 good
0608-575-52081 1.54510 18.37 1.50555   A   MF 2.27600 0.20400 1.74000 0.17700 0.01568   0   0 good
1756-019-53080 0.66060 18.09 0.47705   B   MF 1.96700 0.14000 1.77800 0.15800 0.11658   0   0 good
1738-589-53051 1.89830 17.95 1.04790   B    M 0.89800 0.14300 0.78000 0.17500 0.33398   0   0 good
1340-507-52781 1.97170 18.70 1.53122   A   MF 3.27100 0.28800 3.37400 0.32700 0.15907   0   0 good
0872-044-52339 1.82250 19.27 1.74207   A   MF 3.67200 0.62100 4.83300 0.68900 0.02891   0   0 good
0965-430-52438 1.50730 19.06 0.41433   C    M 3.34000 0.54600 3.60500 0.55100 0.51722   0   0 good
1331-129-52766 0.73310 18.53 0.70168   C    M 0.68700 0.13700 0.70800 0.17100 0.01830   0   0 good
1008-576-52707 1.61800 19.10 1.36236  C*    M 1.27900 0.20400 1.77000 0.18000 0.10239   0   0 good
0302-029-51688 0.83450 18.50 0.58931   B    M 1.97400 0.23000 1.77200 0.22200 0.14251   0   0 good
0526-541-52312 1.47680 18.45 1.30334   A    M 2.43200 0.16600 1.56800 0.16100 0.07249   0   0 good
0371-311-52078 1.31670 17.92 1.08458   A   MF 3.10100 0.18100 2.41600 0.18600 0.10518   0   0 good
0552-278-51992 1.79280 18.73 1.37494   A   MF 5.02100 0.20500 4.49400 0.20400 0.16067   1   1 good
0611-613-52055 1.74360 19.27 0.68822   B    M 1.59700 0.36600 1.06200 0.29700 0.45070   0   0 good
1342-368-52793 1.89240 18.31 1.07491   A   MF 3.39700 0.27600 2.84700 0.27400 0.32048   1   1 good
0467-335-51901 1.49210 17.46 0.45272   C    M 1.12900 0.15700 0.81800 0.12600 0.49276   0   0 good
0549-568-51981 1.58520 19.62 1.48074   A    M 2.64600 0.44000 3.64700 0.56800 0.04122   0   0 good
0870-231-52325 1.18380 18.51 0.92297   A    M 1.91800 0.23400 1.74300 0.25200 0.12649   0   0 good
1459-264-53117 2.15430 17.93 1.01463   B    M 1.78800 0.26900 1.49000 0.27000 0.42053   0   0 good
1284-503-52736 1.95700 18.64 0.95371   A   MF 3.09500 0.36000 2.68700 0.26400 0.39223   0   0 good
1333-123-52782 3.52080 18.01 1.89014   A   MF 9.66200 0.47000 8.24900 0.61500 0.41975   0   0 good
0577-016-52367 1.41700 18.29 0.51939   C    M 3.57100 0.60400 1.91600 0.41400 0.43350   0   0 good
1743-285-53054 1.65880 18.30 0.58770   B    M 1.74100 0.20100 1.28000 0.22700 0.47429   1   1 good
0584-403-52049 1.96680 18.27 1.78369   A  MCF 6.08400 0.32900 4.63900 0.37300 0.06363   0   0 good
1049-524-52751 1.11370 17.94 0.49059   C    M 1.19200 0.15900 0.71100 0.17600 0.33574   0   0 good
1006-237-52708 1.69050 17.98 0.87836   A   MF 5.20300 0.25200 4.34400 0.26700 0.34462   0   0 good
0340-043-51990 1.39970 18.93 0.79036   B    M 1.40400 0.25900 1.93200 0.26600 0.28481   0   0 good
0848-261-52669 2.01420 18.61 1.10012   A    F 2.91700 0.44600 2.90000 0.41400 0.34640   1   1 good
0455-618-51909 1.44620 18.12 1.38467   A   MF 4.53200 0.12400 4.25500 0.11800 0.02548   0   0 good
0460-170-51924 0.57380 18.19 0.43169   C    M 3.12300 0.17300 3.26300 0.20700 0.09435   0   0 good
1191-423-52674 2.32710 19.22 1.53186   A   MF 3.48900 0.47600 3.25600 0.36900 0.26654   0   0 good
0957-306-52398 2.12650 18.58 0.93523   A   MF 2.73200 0.24700 2.52700 0.24800 0.44599   0   0 good
0339-522-51692 2.16360 18.76 1.38695   B    M 2.66100 0.32800 1.53700 0.28500 0.27448   0   0 good
0627-470-52144 2.08430 19.00 0.87337   C    M 1.31900 0.23900 1.43900 0.26800 0.46100   0   0 good
0953-327-52411 2.14880 19.10 1.60582   A    F 9.63300 1.28800 6.63400 0.58500 0.18706   0   0 good
0875-405-52354 1.60810 18.52 1.55731   B    M 2.60600 0.36200 1.73500 0.35100 0.01967   0   0 good
1045-134-52725 2.45540 18.94 1.41204   A   MF 5.42000 0.35200 3.71500 0.35200 0.34474   0   0 good
0271-413-51883 0.87990 18.33 0.57389   C    M 1.55200 0.16400 1.53900 0.20600 0.17582   0   0 good
0965-504-52438 1.17190 18.85 0.95707   A   MF 1.81900 0.28400 2.04200 0.21700 0.10379   0   0 good
0445-473-51873 1.95790 18.38 1.36429   C    M 1.66900 0.22300 0.97900 0.18400 0.22032   0   0 good
1429-181-52990 1.96430 17.89 1.63116   B   MC 1.55700 0.21400 0.93400 0.18500 0.11865   0   0 good
0741-639-52261 2.15340 17.97 1.26904   A   MF 2.41100 0.15500 2.06800 0.50200 0.31773   0   0 good
0394-209-51913 1.88880 17.45 1.34153   A    M 1.10900 0.07900 0.51600 0.06800 0.20699   0   0 good
0980-232-52431 1.93990 17.11 1.16720   A   MF 3.22500 0.08800 2.67800 0.08800 0.29583   0   0 good
1615-077-53166 1.41310 17.04 1.09548   A   MF 0.79600 0.09500 0.60100 0.10600 0.14022   0   0 good
0532-186-51993 2.25120 18.95 0.86325   A   MF 2.76600 0.32400 1.67700 0.29100 0.50553   0   0 good
0947-006-52411 2.48220 17.94 1.25754   A    F 2.82300 0.17900 1.97400 0.18200 0.40816   0   0 good
0947-185-52411 1.74900 18.88 1.09775   A   MF 4.17000 0.45600 3.73400 0.38500 0.26396   0   0 good
0350-604-51691 1.44290 16.91 0.79979   D    M 0.41200 0.07700 0.26800 0.07800 0.29637   0   0 good
0501-537-52235 1.21660 18.39 0.88360   A   MF 2.19200 0.13800 1.96300 0.17100 0.16135   0   0 good
0728-260-52520 1.83500 18.51 0.83542   D    M 1.12800 0.20000 0.92300 0.29000 0.40931   0   0 good
0592-140-52025 2.00790 18.73 1.66490   A   MC 2.41000 0.22600 2.85300 0.29800 0.12049   0   0 good
1680-632-53171 1.15850 18.39 0.91903   A   MF 2.84600 0.32300 2.70200 0.17900 0.11704   0   0 good
0793-580-52370 1.32790 18.31 0.66408   A   MF 1.98700 0.20200 1.54500 0.17700 0.32363   0   0 good
0457-014-51901 1.52350 18.42 1.46887   A   MF 4.79900 0.25400 4.92400 0.24900 0.02188   0   0 good
0359-042-51821 1.44430 18.05 1.03113   A   MF 2.05600 0.13000 1.91800 0.15300 0.18307   0   0 good
0933-438-52642 1.60420 18.97 1.54873   A  MCF 2.74100 0.30100 3.09000 0.31800 0.02152   0   0 good
0602-498-52072 1.65530 18.69 0.52968   B    M 1.23400 0.17100 1.02300 0.18100 0.50165   0   0 good
0987-235-52523 2.05250 18.34 1.22086   A   MF 4.40300 0.32000 3.76700 0.25900 0.30776   0   0 good
1600-059-53090 2.16980 17.71 1.37627   A    M 2.58700 0.16800 1.68700 0.15000 0.28041   0   0 good
1570-590-53149 1.10670 18.34 0.58751   C    M 1.02200 0.17600 0.44500 0.08900 0.27563   0   0 good
0926-617-52413 1.73240 18.53 1.64543   A  MCF 3.20700 0.40200 2.79400 0.28400 0.03233   0   0 good
0949-630-52427 1.47940 18.28 0.85973   A   MF 5.00900 0.26000 4.10500 0.22800 0.27991   0   0 good
0394-225-51913 1.93710 18.91 0.86180   A   MF 3.55200 0.21600 3.12500 0.22600 0.42671   0   0 good
1680-122-53171 1.82670 18.88 1.28329   A   MF 4.30300 0.30600 4.29200 0.30400 0.21029   0   0 good
0737-523-52518 1.67000 18.49 0.93580   C    M 1.81200 0.28800 1.28500 0.26800 0.31091   0   0 good
0814-261-52443 1.23080 18.63 0.98037   A   MF 1.35000 0.19400 1.45200 0.21500 0.11850   0   0 good
0916-328-52378 1.94510 17.55 1.16053   A   MF 4.07500 0.13500 3.90400 0.13400 0.30024   0   0 good
0293-022-51994 0.99330 19.55 0.71603   B    M 5.55400 0.60000 3.62700 0.73200 0.14866   0   0 good
0550-628-51959 1.43860 18.51 1.28534   A   MF 3.49100 0.15800 2.81100 0.16100 0.06482   0   0 good
1586-179-52945 2.19080 18.57 1.47189   B    M 2.90900 0.26400 2.57900 0.28600 0.24987   0   0 good
0854-295-52373 1.57050 18.62 1.35341   B    M 2.20300 0.37800 1.79600 0.27400 0.08803   0   0 good
1699-441-53148 0.91440 18.46 0.43066   C    M 1.15800 0.17000 0.87500 0.17000 0.28331   0   0 good
1600-097-53090 1.62660 19.13 0.90192   A   MF 1.66100 0.35600 1.52400 0.23300 0.31206   0   0 good
0872-297-52339 2.80410 18.90 1.82523   A   MF 5.78400 0.42200 4.69100 0.72700 0.28901   0   0 good
1701-401-53142 1.52340 18.88 0.71183   A   MF 5.68400 0.40200 3.86100 0.36700 0.36968   0   0 good
0571-144-52286 1.28940 19.14 0.97678   A   MF 5.10700 0.40100 4.46600 0.42800 0.14578   0   0 good
1352-120-52819 1.93740 18.28 0.72445   B    M 1.38200 0.18800 1.10400 0.19900 0.48738   0   0 good
0494-487-51915 1.61770 18.36 0.66644   C    M 0.72300 0.11400 0.76500 0.10900 0.42323   0   0 good
1426-558-52993 1.75250 17.96 1.06032   A   MF 4.01500 0.18300 4.25200 0.19600 0.28180   0   0 good
0352-209-51789 2.12300 18.65 1.50971   C    M 1.55000 0.21800 1.11700 0.18900 0.21519   1   1 good
0280-343-51612 1.51380 18.80 1.38655   B    M 2.66800 0.41600 2.52800 0.38400 0.05191   0   0 good
0940-346-52670 2.17340 18.24 1.57424   B   MC 1.47400 0.21800 0.87300 0.23500 0.20626   0   0 good
1397-217-53119 1.44990 18.79 0.85099   C    M 1.21800 0.18200 1.23400 0.18000 0.27321   0   0 good
1162-565-52668 1.51740 18.02 1.27729   C    M 0.63100 0.12900 0.55900 0.14000 0.09990   0   0 good
0425-036-51898 2.18350 18.06 1.28778  C*    M 1.22000 0.18900 0.52900 0.13900 0.31889   0   0 good
0288-625-52000 1.55890 18.96 1.21791   A   MF 5.07700 0.37700 4.89700 0.31500 0.14206   0   0 good
1597-406-52999 1.08360 18.89 0.47047   C    M 2.28200 0.40900 2.05000 0.35400 0.33503   0   0 good
1284-383-52736 2.04440 18.28 0.83140   C    M 2.31800 0.25600 2.68200 0.29600 0.46857   0   0 good
1449-462-53116 1.97610 18.45 0.70827   C    M 1.67800 0.23700 1.29600 0.23900 0.50436   0   0 good
0399-072-51817 2.07620 17.52 0.63579   A   MF 1.26400 0.11900 0.80300 0.12600 0.55913   0   0 good
0999-313-52636 1.66510 19.09 1.27798   B    M 6.33500 0.72700 4.01300 0.45800 0.15566   0   0 good
1612-239-53149 3.12350 19.06 1.07254   C    M 4.52700 0.51700 3.74200 0.48100 0.59664   0   0 good
0663-311-52145 0.99820 19.15 0.92686   A   MF 1.91400 0.24100 1.71500 0.24600 0.03634   0   0 good
0401-531-51788 1.92770 18.00 0.74816   D    M 0.71000 0.15600 0.57200 0.18000 0.47433   0   0 good
0571-480-52286 1.86430 18.64 1.27965   C    M 1.49700 0.22000 1.09500 0.17500 0.22442   0   0 good
1317-152-52765 1.65360 18.65 0.80966   A   MF 2.45600 0.18200 2.31800 0.19100 0.36513   1   1 good
1351-388-52790 3.55300 18.16 1.64511   A   MF 6.96800 0.34400 6.76500 0.27600 0.49531   0   0 good
0990-103-52465 1.29960 17.93 1.22932   B    M 1.31000 0.12900 1.04700 0.10900 0.03102   0   0 good
0726-154-52226 1.31030 19.04 0.88581   B    M 2.17400 0.23400 1.81800 0.24600 0.20027   0   0 good
0392-316-51793 1.77420 18.96 1.22892   A   MF 3.31600 0.28500 2.60400 0.30600 0.21542   1   1 good
0756-350-52577 3.34190 18.59 1.51044   C    M 3.43600 0.28700 2.27000 0.20800 0.49891   0   0 good
0828-613-52317 1.14070 17.99 1.03100   A   MF 3.81700 0.24700 2.09100 0.24000 0.05258   0   0 good
1292-056-52736 1.18700 19.01 0.97759   A   MF 6.40300 0.45000 4.36800 0.37600 0.10031   0   0 good
1366-336-53063 2.48290 18.19 0.60231   C    M 2.62100 0.21700 1.77900 0.23400 0.65065   0   0 good
0278-603-51900 1.54330 18.97 1.41202   B   MF 2.86800 0.30000 2.03600 0.33300 0.05296   1   1 good
0505-422-52317 1.34070 19.13 0.61044   B    M 2.84600 0.35700 1.30400 0.24500 0.35743   0   0 good
0834-440-52316 1.06850 19.08 0.95109   A   MF 4.96100 0.37500 6.36800 0.43200 0.05836   0   0 good
0842-170-52376 2.34090 18.61 1.55226   A   MF 9.42400 0.36800 7.52900 0.33600 0.26293   0   0 good
1584-043-52943 1.48710 17.93 0.52886   C    M 1.95600 0.14900 0.99200 0.14400 0.45150   0   0 good
1168-060-52731 1.43400 18.94 0.89165   A   MF 4.59100 0.55700 4.97400 0.48900 0.24689   0   0 good
0721-297-52228 1.91730 17.68 0.85588   A   MF 2.36400 0.08800 2.19200 0.10000 0.42378   0   0 good
0718-491-52206 1.47930 18.81 1.23355   A   MF 3.33200 0.24200 2.59400 0.23700 0.10402   0   0 good
1451-143-53117 1.84790 18.37 0.78409   A   MF 3.15600 0.18500 2.36500 0.17900 0.43633   0   0 good
0275-544-51910 1.40460 18.61 0.58134   C    M 1.34700 0.11900 0.93600 0.12700 0.39618   0   0 good
0933-547-52642 1.43470 18.25 1.38203   A   MF 2.74900 0.17600 2.15100 0.20600 0.02185   0   0 good
0435-255-51882 1.95790 18.34 1.11318   A   MF 5.25600 0.23600 4.89500 0.26100 0.32415   0   0 good
0604-202-52079 2.25100 18.65 1.92075   A   MC 3.29400 0.48000 2.81800 0.54800 0.10673   0   0 good
0761-507-52266 1.52830 19.00 1.40266   A   MF 6.80000 0.29700 6.58300 0.36700 0.05094   0   0 good
1696-111-53116 0.97100 16.71 0.39342   C    M 0.39200 0.08500 0.48400 0.09000 0.33353   0   0 good
0499-570-51988 2.74850 18.14 1.53782   A   MF 0.62800 0.07400 0.79700 0.10300 0.37141   0   0 good
1760-460-53086 1.81060 19.20 0.82198   A   MF 1.76200 0.24500 1.51600 0.25100 0.40823   0   0 good
0429-482-51820 1.03180 18.01 0.42722   D    M 0.42000 0.10300 0.35100 0.11500 0.33920   0   0 good
1461-406-53062 1.72130 19.07 0.91035   A   MF 5.81900 0.42000 4.59400 0.40800 0.33976   0   0 good
0722-342-52224 2.00190 18.68 1.44721   B    M 2.40200 0.24200 2.30400 0.29500 0.20151   0   0 good
0420-012-51871 2.15320 19.08 1.78224   A   MF 5.56300 0.63600 4.86900 0.78300 0.12450   0   0 good
0338-060-51694 1.71220 18.04 0.81037   A   MF 3.33200 0.16500 2.82200 0.16200 0.38354   0   0 good
0305-616-51613 1.85060 18.58 1.15263   A   MF 4.93400 0.34900 4.84500 0.33300 0.27368   0   0 good
0949-417-52427 1.82180 18.17 0.81700   A   MF 2.96800 0.20200 2.02700 0.20700 0.41380   0   0 good
0468-111-51912 1.52480 17.95 1.38722   A   MF 3.32900 0.15700 2.86500 0.14200 0.05597   0   0 good
0340-092-51990 0.66210 17.86 0.59040   A   MF 1.93400 0.13000 1.40000 0.12000 0.04405   0   0 good
0648-571-52559 1.39460 18.03 0.71784   A   MF 2.47700 0.17900 2.46000 0.15800 0.32044   0   0 good
1195-425-52724 3.63790 18.54 2.14379   A    F 7.56600 0.99900 2.93100 0.50500 0.37035   0   0 good
0904-242-52381 2.27620 18.29 0.80811   A   MF 4.37400 0.12300 3.36500 0.11900 0.53306   0   0 good
0870-067-52325 0.69540 18.84 0.59809   C    M 0.98000 0.21600 1.01300 0.23400 0.05905   0   0 good
0435-548-51882 0.82530 18.60 0.68535   B    M 1.49400 0.19500 1.35700 0.17700 0.07961   0   0 good
0523-557-52026 2.09920 18.84 1.54001   A  MCF 6.87400 0.38700 4.87000 0.34100 0.19639   0   0 good
0549-125-51981 1.79970 17.77 1.21304   A   MF 2.07000 0.14800 1.44000 0.16600 0.23089   1   1 good
0586-260-52023 1.98720 18.58 0.84488   A   MF 2.64000 0.26800 2.44000 0.22000 0.44778   0   0 good
1191-391-52674 1.84980 18.07 0.56781   A    M 2.54700 0.12200 2.22900 0.10500 0.53533   0   0 good
0425-112-51898 1.80210 18.14 0.87868   B    M 1.01100 0.16600 1.02200 0.19000 0.37978   0   0 good
1363-058-53053 1.09470 18.66 0.72784   A   MF 5.03900 0.30400 4.36600 0.32500 0.19019   0   0 good
0636-528-52176 1.76430 18.86 1.22932   A   MF 3.29500 0.39700 2.20800 0.30300 0.21184   0   0 good
1273-540-52993 2.14840 18.98 1.29488   A   MF 12.46000 0.54300 10.41700 0.50400 0.30607   0   0 good
0940-150-52670 2.89840 19.42 1.63068   D    M 5.39800 0.71700 2.55200 0.73100 0.37422   1   1 good
1298-268-52964 1.25800 19.28 0.84415   A   MF 3.00600 0.41200 1.26500 0.30100 0.19974   0   0 good
0434-115-51885 1.17790 18.86 1.05330   C    M 1.78800 0.20900 1.15000 0.19800 0.05884   0   0 good
1439-602-53003 1.68430 19.03 1.46000   A   MF 3.90900 0.35700 4.16900 0.46400 0.08704   0   0 good
1283-256-52762 1.44940 18.80 0.65026   C    M 1.31500 0.29700 1.36700 0.31600 0.37558   0   0 good
0651-266-52141 1.29630 18.90 0.53607   C    M 1.38900 0.22800 0.84100 0.21300 0.38171   0   0 good
0308-540-51662 1.89830 18.86 1.46206   C    M 2.15100 0.23600 1.59300 0.25900 0.16169   0   0 good
1220-231-52723 1.68970 16.77 0.59472   B    M 1.22300 0.08800 0.91300 0.08400 0.47982   0   0 good
1352-267-52819 2.49040 18.12 1.29286   B    M 0.68900 0.16700 0.67300 0.16300 0.39710   0   0 good
0789-229-52342 1.90010 18.55 1.33346   A   MF 6.68500 0.34500 6.46600 0.33200 0.21402   1   1 good
1296-215-52962 2.32120 18.61 1.25878   A    F 3.07600 0.20800 2.37400 0.23000 0.36747   0   0 good
0835-134-52326 1.96430 18.65 1.71976   A  MCF 3.53600 0.71600 3.03300 0.32200 0.08590   1   1 good
1436-465-53054 1.98150 18.70 1.87229   A  MCF 4.09000 0.64200 4.53800 0.47700 0.03731   0   0 good
1337-286-52767 1.97300 17.42 0.67952   A   MF 2.51500 0.14100 2.47100 0.12200 0.51615   0   0 good
0638-427-52081 2.33740 17.16 1.53469   A   MF 2.79800 0.07500 2.55700 0.07500 0.26840   0   0 good
1426-052-52993 1.52240 18.93 0.59694   C    M 1.55600 0.33200 1.28500 0.31600 0.42774   0   0 good
0818-577-52395 0.99310 18.23 0.67458   A   MF 0.95300 0.13700 0.89900 0.16400 0.17241   0   0 good
1055-523-52761 1.08240 18.40 0.86526   A   MF 2.70800 0.14500 2.81400 0.12600 0.10966   0   0 good
0275-090-51910 0.74160 18.59 0.57270   B    M 1.21600 0.22600 1.17100 0.20300 0.10165   0   0 good
0312-227-51689 1.49200 18.43 1.29704   A   MF 2.56000 0.21400 1.76900 0.16200 0.08129   0   0 good
0296-389-51984 1.77560 19.00 1.54535   A  MCF 6.86200 0.38800 6.26500 0.41600 0.08638   0   0 good
0326-459-52375 1.80550 19.64 1.36912   A   MF 8.13400 0.69800 5.45700 0.56700 0.16747   0   0 good
0910-203-52377 2.21970 18.19 1.43813   D    M 1.28200 0.16200 0.90700 0.24500 0.27111   0   0 good
0783-303-52325 1.52600 18.57 1.41068  C*    M 1.16800 0.22700 0.81300 0.22400 0.04670   0   0 good
0835-603-52326 2.40680 18.79 1.03749   A   MF 4.98000 0.38700 4.04900 0.33200 0.47311   0   0 good
1416-524-52875 2.19650 18.20 1.81813   A   MC 1.67900 0.35500 1.38200 0.32300 0.12532   1   1 good
0632-464-52071 1.96720 18.07 1.24577   B    F 2.58000 0.11100 2.61400 0.13400 0.27158   0   0 good
1226-420-52734 1.67330 17.41 1.39907   B    M 0.79400 0.12000 0.88800 0.14300 0.10781   0   0 good
0641-299-52199 1.98240 18.65 0.91800   B    M 1.14900 0.21500 1.15300 0.28300 0.41485   1   1 good
0489-200-51930 2.87150 19.28 0.87718   B   MF 5.76600 0.41000 3.76100 0.36300 0.61930   1   1 good
1019-587-52707 1.90630 17.27 1.44444   A   MF 2.35300 0.12200 1.98300 0.09800 0.17135   0   0 good
1738-458-53051 2.08200 18.89 1.02296   A   MF 1.86800 0.27700 2.13400 0.28400 0.39778   0   0 good
0852-241-52375 1.69060 18.38 0.44927   D    M 2.51700 0.38300 1.54800 0.39500 0.55023   0   0 good
0419-620-51879 1.52310 19.51 1.14134   A   MF 5.23300 0.39200 4.83800 0.46500 0.16259   0   0 good
0646-034-52523 1.67650 18.63 0.92466   B    M 4.10500 0.59900 3.03300 0.51100 0.31829   0   0 good
1207-115-52672 1.85300 19.20 1.37409   A   MF 5.11400 0.41400 4.37600 0.38400 0.18172   0   0 good
0998-430-52750 1.91050 18.07 0.76334   C    M 1.69900 0.16300 1.47600 0.13500 0.46301   0   0 good
0327-454-52294 1.24910 18.20 1.00950   B    M 0.95800 0.15000 0.57300 0.11600 0.11218   0   0 good
0999-136-52636 2.84970 17.07 0.87885   D    M 0.39100 0.07200 0.24200 0.07200 0.61525   0   0 good
0727-450-52207 2.01620 19.11 1.21789   A   MF 1.74200 0.30000 1.66700 0.39100 0.29811   1   1 good
0825-390-52289 1.32360 18.42 0.78275   B    M 1.99300 0.18900 1.34800 0.21100 0.25894   0   0 good
1645-519-53172 1.24590 18.96 0.40431   C    M 1.55500 0.29100 1.44800 0.30100 0.43786   0   0 good
0984-599-52442 2.02240 18.23 0.92391   A   MF 5.57700 0.20800 4.09400 0.18300 0.42327   0   0 good
0738-343-52521 1.78240 18.11 1.09657   B    M 1.38200 0.27700 1.14000 0.27500 0.27569   0   0 good
1463-586-53063 2.48310 17.95 1.09097   D    M 1.40500 0.28500 0.95700 0.26000 0.47016   0   0 good
1699-441-53148 0.91440 18.46 0.89283   D    M 0.96000 0.13700 0.37500 0.10600 0.01134   0   0 good
0490-135-51929 1.63840 18.96 0.89445   D    M 1.49700 0.22400 0.43500 0.14000 0.31965   0   0 good
0334-489-51993 2.07430 18.66 1.40890   B    M 2.24800 0.39200 2.46700 0.42900 0.23919   0   0 good
0457-204-51901 1.56590 18.61 0.80156   A    M 1.78500 0.25400 1.39800 0.21800 0.33961   1   1 good
1571-020-53174 1.33630 19.05 0.83140   C    M 2.06300 0.36500 1.61600 0.39600 0.23878   0   0 good
1275-287-52996 2.15160 16.86 1.77207   A  MCF 0.94200 0.14000 0.83400 0.08600 0.12763   0   0 good
0379-625-51789 1.46190 19.38 1.37503   A   MF 3.49100 0.38000 4.61700 0.36900 0.03590   0   0 good
0587-160-52026 1.94660 19.51 1.51112   C    M 7.41300 0.62900 6.10600 0.65900 0.15859   0   0 good
0663-536-52145 3.69960 17.52 2.24070   A    F 1.59600 0.18700 2.06200 0.26700 0.35547   0   0 good
1596-330-52998 1.89610 18.40 1.51369   C    M 1.42800 0.20300 1.32500 0.30100 0.14069   0   0 good
0849-338-52439 1.49390 18.84 1.45172   A   MF 10.62400 0.46900 9.35700 0.71800 0.01704   0   0 good
1322-536-52791 1.81440 18.01 0.89562   D    M 0.58700 0.10700 0.57900 0.18200 0.37582   0   0 good
0634-052-52164 1.22320 18.82 1.14238   A   MF 2.82100 0.36800 1.92900 0.39600 0.03699   0   0 good
0934-379-52672 2.17820 19.29 1.17707   A    M 5.25500 0.42200 4.63800 0.44300 0.36127   0   0 good
1040-411-52722 1.90550 18.80 0.73875   B   MF 1.71400 0.18800 1.18900 0.24600 0.47263   0   0 good
0388-114-51793 3.15710 18.29 0.95715   A    M 4.82000 0.26700 4.47700 0.30700 0.63713   0   0 good
0272-463-51941 1.90280 17.84 1.86992   A  MCF 3.36300 0.17200 3.10800 0.11200 0.01138   0   0 good
0996-160-52641 1.57460 19.11 1.29454   C    M 2.70000 0.36700 2.77400 0.33900 0.11466   0   0 good
0516-322-52017 1.71350 18.64 0.95789   A   MF 2.12700 0.32500 1.86800 0.38000 0.31527   0   0 good
1168-358-52731 1.83670 17.52 1.45940   A   MF 3.05700 0.14600 2.34300 0.14700 0.14177   0   0 good
0856-542-52339 1.20170 18.48 0.82108   B    M 2.38100 0.25700 1.70900 0.23100 0.18753   0   0 good
1737-378-53055 2.08780 18.75 1.47355   B    M 4.59100 0.38300 4.92500 0.34900 0.21825   0   0 good
0599-467-52317 1.65120 18.40 0.63527   B    M 1.79500 0.19200 1.31600 0.16700 0.44879   0   0 good
0523-147-52026 2.13120 19.47 1.49645   C    M 5.18000 0.90200 3.56700 0.62200 0.22276   0   0 good
0735-379-52519 0.55610 18.80 0.51991   B    M 2.23500 0.24900 2.60000 0.25300 0.02352   0   0 good
1166-249-52751 1.58840 18.65 1.41671   B    M 1.99000 0.34100 1.70800 0.26300 0.06853   0   0 good
0819-104-52409 3.24210 18.10 1.56101   A   MF 8.63400 0.37000 6.61800 0.36600 0.46578   0   0 good
1015-166-52734 1.31610 18.88 0.57491   C    M 1.19800 0.27700 0.96600 0.20500 0.36762   0   0 good
0974-326-52427 1.84920 19.07 0.60981   B    M 2.30900 0.42100 1.33600 0.38100 0.51603   0   0 good
0889-571-52663 3.43120 19.09 1.66772   A   MF 2.38700 0.41000 2.17900 0.52400 0.46795   0   0 good
0657-515-52177 2.12330 17.56 0.47782   B    M 3.69500 0.13000 3.20900 0.14100 0.63415   1   1 good
0582-094-52045 0.60050 19.22 0.54089   B    M 3.44100 0.42100 3.56900 0.47800 0.03791   0   0 good
0472-503-51955 1.21270 18.49 0.96905   C    M 1.73800 0.18000 0.88700 0.17900 0.11614   0   0 good
0726-474-52226 1.87540 18.90 0.81693   A   MF 3.02900 0.19700 2.98400 0.21600 0.42929   0   0 good
1303-323-53050 1.50380 18.70 1.19539   A   MF 5.68600 0.32400 5.65300 0.31300 0.13069   0   0 good
0569-302-52264 1.83160 18.98 1.16840   A   MF 3.60000 0.29400 3.78600 0.36600 0.26071   0   0 good
1375-147-53084 1.01730 19.08 0.73827   C    M 2.35500 0.38000 1.39100 0.25900 0.14778   0   0 good
1169-204-52753 1.74990 17.89 1.42976  C*    M 1.04800 0.10300 1.35700 0.12600 0.12314   0   0 good
1310-604-53033 1.65370 18.63 1.31225   A   MF 3.42000 0.21700 3.23700 0.19600 0.13687   1   1 good
0864-436-52320 2.09800 18.84 1.27596   A    M 2.00300 0.32100 1.69000 0.25600 0.29895   0   0 good
0445-515-51873 1.12940 18.83 0.95209   A   MF 4.18500 0.30400 2.84000 0.29700 0.08672   1   1 good
0286-461-51999 1.55980 18.99 0.59857   C    M 2.74800 0.37300 2.12500 0.41800 0.43887   0   0 good
1596-148-52998 2.67250 17.53 1.75689   C    M 1.17300 0.16000 1.14000 0.15200 0.27916   1   1 good
1455-416-53089 0.70420 17.51 0.63093   A   MF 4.43300 0.11700 3.32400 0.12100 0.04390   0   0 good
0919-595-52409 2.16280 18.36 1.59494   A  MCF 3.81300 0.24000 4.11400 0.42300 0.19535   0   0 good
0914-331-52721 0.67650 19.09 0.48142   D    M 0.98200 0.24400 1.20500 0.32000 0.12307   0   0 good
0879-229-52365 2.07950 18.88 1.61090   A   MF 2.85900 0.39200 2.36200 0.46700 0.16361   0   0 good
1821-474-53167 1.67690 18.66 0.63310   A   MF 0.60100 0.13700 0.83100 0.13400 0.45754   0   0 good
0909-329-52379 1.88820 18.09 1.54159   A   MC 2.79400 0.18800 2.20200 0.17600 0.12716   1   1 good
0503-213-51999 1.27790 18.57 1.13017   A   MF 3.11500 0.16200 3.13800 0.14700 0.06697   0   0 good
0331-255-52368 1.58010 17.31 1.17201   A   MF 4.35600 0.13200 3.82800 0.13000 0.17048   0   0 good
0560-166-52296 2.13370 18.72 1.75501   A   MF 2.85900 0.39600 3.30300 0.72100 0.12810   0   0 good
1237-452-52762 2.30070 18.98 1.97573   A   CF 14.16400 1.42000 2.42300 0.52800 0.10327   0   0 good
0853-531-52374 1.74380 18.04 0.57563   B    M 2.41600 0.36500 3.10200 0.37400 0.50404   0   0 good
0984-326-52442 1.62460 18.59 0.59938   B    M 2.29800 0.28400 2.30500 0.21800 0.45841   0   0 good
1186-294-52646 2.07610 18.18 1.53890   C   MC 1.53700 0.20600 0.95600 0.16400 0.18961   1   1 good
1423-458-53167 2.09590 17.29 1.70084   A   MF 1.62700 0.13700 1.28900 0.15700 0.13567   0   0 good
0847-576-52426 1.46130 18.71 1.34120   C    M 3.36100 0.41600 1.64700 0.38400 0.04997   0   0 good
0813-294-52354 2.59560 18.90 1.12084   A   MF 5.57100 0.25900 6.37600 0.24200 0.48378   0   0 good
0898-221-52606 2.34140 19.16 0.94675   B    M 2.30800 0.44100 2.24200 0.42400 0.49316   0   0 good
1747-147-53075 1.52040 19.12 0.45818   C    M 3.58200 0.43300 1.59400 0.32200 0.49843   0   0 good
0462-102-51909 3.94240 18.45 1.65627   A   MF 3.16700 0.22800 2.75500 0.21900 0.55177   0   0 good
0644-271-52173 1.34270 18.76 1.11197   A   MF 3.34700 0.28500 2.42000 0.24700 0.10332   0   0 good
1437-043-53046 1.75640 18.87 0.63979   C    M 3.66700 0.62700 2.38100 0.42100 0.47721   1   1 good
0439-554-51877 0.89060 18.30 0.67008   A   MF 1.61500 0.11000 1.14400 0.10200 0.12337   0   0 good
0613-603-52345 1.77980 18.85 1.31467   A   MF 5.72200 0.25600 5.88600 0.24000 0.18111   0   0 good
0327-005-52294 2.41940 17.86 1.27983   A   MF 3.90200 0.22500 2.27600 0.16200 0.38454   0   0 good
0550-598-51959 2.05540 18.35 1.29075   D    M 0.54600 0.11300 0.21800 0.05600 0.28031   0   0 good
0425-572-51898 1.84500 19.01 1.39871   D    M 2.08300 0.38200 0.86300 0.26800 0.16898   0   0 good
0898-283-52606 2.05190 18.67 0.49041  C*    M 2.14700 0.34800 0.86700 0.28500 0.61486   0   0 good
1201-439-52674 2.32030 17.32 1.89732   A   MF 4.35800 0.14600 4.95400 0.14000 0.13543   0   0 good
0666-351-52149 1.39730 18.90 1.01266   A   MF 1.32100 0.24600 1.14700 0.20700 0.17311   0   0 good
0418-052-51817 1.90530 16.65 1.62058   A   MF 3.90900 0.09900 3.55500 0.11700 0.10277   0   0 good
0990-392-52465 2.43180 19.16 0.82304   A   MF 5.31800 0.41100 3.44600 0.34300 0.55982   0   0 good
1057-481-52522 2.96160 18.64 1.97208   A   MF 5.01900 0.56800 4.58900 0.59100 0.27973   0   0 good
1702-591-53144 1.48420 17.69 1.41757   A   MF 6.14300 0.11800 5.73200 0.11300 0.02718   0   0 good
0437-576-51869 0.87740 19.69 0.78759   B    M 2.13500 0.50900 2.01400 0.35100 0.04898   0   0 good
0313-230-51673 1.14880 18.19 0.96604   B    M 1.30300 0.17900 0.83200 0.16400 0.08865   0   0 good
1050-127-52721 1.73840 18.78 0.97261   D    M 1.86400 0.36000 1.54900 0.45700 0.31674   0   0 good
0555-398-52266 1.53910 18.59 0.44001   C    M 1.84000 0.15500 1.46200 0.15800 0.51326   0   0 good
0768-594-52281 1.25930 18.69 0.94455   A   MF 1.58800 0.17600 1.79200 0.23200 0.14891   0   0 good
1041-114-52724 1.70070 18.67 0.96434   A   MF 7.06500 0.41700 7.89700 0.43500 0.30803   0   0 good
0761-037-52266 2.21150 19.13 1.75730   A  MCF 2.00300 0.17500 3.77400 0.33100 0.15132   0   0 good
0884-039-52374 1.65310 17.64 1.44404   A   MF 8.52700 0.24500 6.41000 0.18000 0.08191   0   0 good
1202-533-52672 1.51300 17.56 0.99291   A    F 2.49600 0.18600 1.92600 0.15800 0.22783   0   0 good
1212-473-52703 1.03520 19.12 0.37991   C    M 2.17000 0.30900 2.12600 0.23800 0.37013   0   0 good
1645-297-53172 2.23580 18.07 1.37294   C    M 1.16900 0.11900 1.14000 0.13500 0.30057   0   0 good
0289-282-51990 2.24570 19.38 1.41081   A   MF 2.86700 0.51500 2.76200 0.57100 0.28891   0   0 good
1193-216-52652 2.04320 18.93 0.84274   B    M 3.59800 0.42400 3.00300 0.38800 0.46342   0   0 good
1322-011-52791 2.26380 18.77 1.52117   C    M 5.20900 0.44000 4.05600 0.35300 0.25258   0   0 good
1612-216-53149 1.74220 18.83 1.36416   C    M 1.81200 0.29800 1.24100 0.18800 0.14726   0   0 good
1019-099-52707 1.66580 18.27 0.51000   C    M 1.55000 0.18200 1.12800 0.21000 0.51416   0   0 good
0946-024-52407 1.98580 18.88 0.77749   B    M 2.04700 0.27700 2.11100 0.31500 0.47667   0   0 good
0400-093-51820 1.35100 18.96 0.90087   A   MF 2.69400 0.50000 2.15300 0.37600 0.20938   0   0 good
1227-122-52733 2.98050 18.81 1.53132   C    M 3.08300 0.43100 2.61100 0.43600 0.42409   1   1 good
1420-291-53146 1.43240 18.90 1.26226   B    M 3.27300 0.18800 2.58300 0.18700 0.07240   0   0 good
0609-218-52339 1.67110 18.80 0.94880   A   MF 2.43800 0.32100 2.29700 0.51400 0.30524   0   0 good
0786-537-52319 1.52920 17.46 0.97232   B    M 0.94000 0.12700 0.99100 0.12300 0.24370   0   0 good
1191-233-52674 1.65520 18.14 1.60890   C    M 1.91400 0.28000 1.67300 0.34500 0.01759   0   0 good
0940-385-52670 2.02550 18.62 0.94111   B   MF 5.97500 0.36600 4.70400 0.34700 0.41681   0   0 good
1446-516-53080 1.80000 17.91 0.58923   C    M 0.79300 0.15200 0.69100 0.15400 0.51267   0   0 good
0551-489-51993 3.23940 18.79 1.79425   A   MF 7.63200 0.44900 6.09400 0.43100 0.39429   0   0 good
0328-472-52282 1.97480 17.77 1.48516   A  MCF 6.48000 0.15900 5.96300 0.12800 0.17793   0   0 good
1281-344-52753 2.12050 18.18 1.52875   C    M 1.44500 0.22000 0.51000 0.16200 0.20723   0   0 good
0358-138-51818 1.33650 18.09 0.95176   C    M 1.75200 0.18000 0.98300 0.15800 0.17802   0   0 good
1168-047-52731 1.62970 18.56 1.21117   B    M 2.22800 0.31900 1.88400 0.31100 0.17163   0   0 good
1300-117-52973 1.31350 19.09 1.06146   A   MF 2.86500 0.34400 2.97500 0.37700 0.11485   0   0 good
0739-137-52520 1.64090 18.26 0.81424   C    M 1.70200 0.14000 1.18400 0.15400 0.35874   0   0 good
1282-108-52759 1.78170 18.91 1.47181   A  MCF 3.10200 0.35200 3.18500 0.34500 0.11755   0   0 good
1277-290-52765 1.17880 18.11 0.54950   D    M 1.06100 0.22100 0.65400 0.18500 0.32824   0   0 good
1354-045-52814 1.59900 18.32 0.86386   A   MF 2.71700 0.45500 2.07200 0.58000 0.32075   0   0 good
0393-338-51794 2.08340 19.16 1.67281   B    M 3.39200 0.60100 1.94300 0.50200 0.14195   1   1 good
1746-076-53062 1.48310 18.96 1.11131   C    M 3.59100 0.39400 3.07300 0.33500 0.16080   0   0 good
0409-159-51871 1.44770 18.54 0.62336   A   MF 4.14300 0.28700 4.50800 0.28800 0.38903   0   0 good
1438-065-53054 0.88850 18.12 0.50585   C    M 1.10700 0.20600 1.00000 0.22400 0.22262   0   0 good
0301-606-51942 1.21440 18.94 0.72140   C    M 1.67300 0.29400 1.23000 0.25300 0.24667   0   0 good
0581-554-52356 1.65440 17.95 1.23698   A   MF 4.24000 0.12800 4.35800 0.13600 0.16945   0   0 good
0998-407-52750 3.82430 18.99 1.73815   B    M 5.66100 0.36900 4.98600 0.39800 0.51269   0   0 good
0852-174-52375 2.79070 19.04 0.73346   C    M 3.11000 0.39500 3.21500 0.41000 0.65410   0   0 good
0903-312-52400 1.42270 18.23 0.61053   A    M 2.85200 0.28600 2.47600 0.28000 0.38703   0   0 good
1600-613-53090 1.95180 18.92 1.30101   A    M 4.72900 0.34500 3.66300 0.32400 0.24404   0   0 good
0522-039-52024 2.14270 19.27 1.41715   A   MF 7.03500 0.49900 7.16400 0.43200 0.25663   0   0 good
1704-195-53178 1.09440 18.14 1.06460   D    M 1.26600 0.18700 0.75300 0.22800 0.01431   1   1 good
0609-250-52339 1.61650 19.26 0.84903  C*    M 1.95700 0.32400 0.87700 0.22300 0.33387   0   0 good
0517-184-52024 2.77190 19.26 1.92777   A   MF 5.75000 0.79300 3.94900 0.68200 0.24806   1   1 good
0425-348-51898 1.62960 19.34 1.56082   A   MF 4.40300 0.41900 2.85500 0.35500 0.02650   0   0 good
1214-073-52731 1.91630 17.54 0.44087   C    M 1.68300 0.35800 2.21600 0.32800 0.60758   1   1 good
1199-223-52703 4.14460 19.37 1.56088   B    M 3.90900 0.36200 3.12800 0.32600 0.60284   0   0 good
0502-594-51957 1.37730 16.88 0.98483   B    M 1.37300 0.06600 0.93400 0.06900 0.17848   0   0 good
1159-378-52669 1.87830 18.82 1.16563   C    M 2.46900 0.44700 1.79800 0.43100 0.27704   1   1 good
0536-102-52024 2.53080 18.77 0.79445   B    M 3.87600 0.28200 3.79200 0.32000 0.58945   0   0 good
0788-374-52338 1.64940 18.04 0.96220   C    M 0.78900 0.11400 0.55700 0.11700 0.29156   0   0 good
0794-176-52376 1.35050 19.59 1.22854   A   MF 10.34100 0.98000 5.79600 0.71500 0.05323   0   0 good
0326-049-52375 1.91270 19.49 1.41516   D    M 5.05800 0.53300 7.48400 0.73400 0.18515   0   0 good
0538-483-52029 1.15600 18.03 0.85255   A   MF 2.19100 0.11200 1.96200 0.11900 0.15054   0   0 good
0968-409-52412 1.84550 18.30 0.73813   A   MF 1.48800 0.23500 1.45100 0.24500 0.45653   0   0 good
0717-482-52468 0.92540 19.19 0.73506   D    M 1.78900 0.29700 0.72200 0.22700 0.10373   0   0 good
1355-559-52823 1.87270 18.88 1.61240   D    M 2.48600 0.54100 3.93600 0.76300 0.09470   1   1 good
1679-483-53149 1.26490 19.11 0.98613   A   MF 2.50900 0.20000 2.04500 0.25700 0.13060   0   0 good
0974-561-52427 2.02330 18.45 1.91398   A   MC 3.98000 0.44100 2.64400 0.43300 0.03680   0   0 good
0776-253-52319 1.92420 18.97 1.61185   A   MF 5.45900 0.41200 4.48400 0.54200 0.11248   0   0 good
1018-230-52672 0.83650 18.60 0.43326   C    M 1.46000 0.19300 1.40700 0.22600 0.24297   0   0 good
0306-640-51637 1.26260 18.27 0.72085   B    M 1.24200 0.12700 1.21600 0.14100 0.26706   0   0 good
1385-621-53108 1.93370 18.27 1.51452   B   MC 1.62700 0.16900 1.09700 0.24200 0.15298   0   0 good
1209-233-52674 2.22190 18.86 1.47472   C    M 1.99200 0.27500 1.43400 0.28800 0.25788   0   0 good
0887-047-52376 2.81430 19.02 1.55402   A   MF 3.43200 0.35500 3.19700 0.37700 0.38088   0   0 good
1741-406-53052 1.36910 18.85 1.30119   C    M 1.76500 0.30800 1.04300 0.20100 0.02910   0   0 good
0552-278-51992 1.79280 18.73 1.05570   A   MF 4.45800 0.22500 3.43300 0.23000 0.29718   1   1 good
0585-606-52027 1.75380 18.57 1.64972   B    M 2.07000 0.25800 1.78700 0.32300 0.03850   0   0 good
0612-261-52079 2.07220 18.82 1.45638   A   MF 2.70100 0.44400 3.00000 0.31600 0.22005   1   1 good
1295-174-52934 1.84860 17.06 0.86712   A   MF 1.81900 0.07000 1.48900 0.08000 0.39897   0   0 good
0553-155-51999 2.51770 18.41 1.07937   C    M 1.15700 0.19800 1.00400 0.19600 0.48212   0   0 good
0617-276-52072 1.72590 18.14 1.59846   A   MC 2.69900 0.20700 2.80400 0.31400 0.04782   0   0 good
0860-331-52319 1.51050 19.12 1.48134   C    M 1.93600 0.28400 1.76100 0.29300 0.01169   0   0 good
1447-048-53120 1.71000 18.98 0.85759   C    M 2.41500 0.31600 1.69000 0.26400 0.36067   0   0 good
0603-141-52056 1.66960 19.08 1.12328   A   MF 8.18700 0.90400 6.59300 0.77900 0.22505   0   0 good
1359-565-53002 1.62940 17.80 1.15597   A   MF 3.43000 0.15400 2.91800 0.13700 0.19596   0   0 good
0785-148-52339 1.72760 18.79 0.76466   A   MF 3.64400 0.35800 3.13900 0.43500 0.40987   0   0 good
0756-556-52577 2.13240 17.21 1.06335   A   MF 1.64100 0.12900 1.47000 0.12400 0.39479   0   0 good
0984-599-52442 2.02240 18.23 1.51022   E    M 1.82700 0.15300 2.41700 0.16300 0.18356   0   0 good
0358-097-51818 1.59750 18.59 1.40512   D    M 1.12900 0.17000 0.58200 0.18200 0.07681   0   0 good
1285-104-52723 1.97020 17.65 1.54845   A   MF 3.30300 0.14400 2.78500 0.14900 0.15195   1   1 good
0859-231-52317 1.79380 19.00 1.73639   B   MC 2.68500 0.55700 1.96900 0.50000 0.02078   0   0 good
0288-141-52000 1.41250 18.35 0.97470   A   MF 3.66100 0.34200 3.44700 0.27100 0.19760   0   0 good
0434-414-51885 1.49120 19.50 0.53253   C    M 2.02200 0.34300 1.89700 0.40300 0.45092   0   0 good
0654-445-52146 3.25090 18.98 1.29391   A   MF 5.84800 0.33800 4.74900 0.27300 0.54894   0   0 good
1604-246-53078 2.47550 18.21 0.73516   C    M 1.65800 0.13800 1.09000 0.13500 0.60095   0   0 good
0921-574-52380 1.37300 19.02 1.34945   D    M 1.63000 0.32600 0.78700 0.21700 0.00998   0   0 good
0542-165-51993 3.71070 18.95 1.36716   E    M 0.90100 0.17300 1.03600 0.13700 0.59679   0   0 bad
1208-010-52672 2.24020 19.16 1.38174  C*    M 2.99400 0.47400 0.98100 0.30400 0.29843   0   0 good
1736-367-53052 2.25890 18.67 0.77505   B    M 0.72900 0.15400 0.97500 0.12300 0.54242   0   0 good
0459-066-51924 2.69630 18.66 1.84129   C    M 2.31100 0.45800 2.06300 0.35500 0.25716   0   0 bad
1606-427-53055 0.69510 19.07 0.67925  C*    M 0.47000 0.11200 0.42100 0.13300 0.00942   0   0 good
1301-449-52976 1.54660 18.27 1.54823   E    M 0.49800 0.11500 0.80100 0.14800 -0.00065   1   1 bad
0730-292-52466 1.92050 18.99 0.60968   D    M 1.09400 0.20800 0.47900 0.12900 0.53399   1   1 bad
1569-320-53168 1.77710 19.61 0.66028   D    M 0.71600 0.14400 2.03600 0.47300 0.47339   0   0 bad
0555-167-52266 2.15460 19.14 1.83727   B    M 1.75100 0.40700 1.43700 0.39800 0.10564   0   0 bad
1193-247-52652 2.55790 18.43 1.76948   D    M 2.42100 0.52700 3.11500 0.82600 0.24540   0   0 bad
1822-606-53172 2.36540 19.13 1.60622  C*    M 3.47100 0.27500 4.98700 0.30500 0.25022   0   0 bad
0459-055-51924 1.29310 18.50 0.99776   D    M 1.30500 0.13600 0.44800 0.14500 0.13700   0   0 bad
0934-490-52672 1.63520 18.50 1.21447   D    M 0.88900 0.21700 1.05800 0.32000 0.17222   0   0 bad
1397-087-53119 1.46770 17.89 0.78117   D    M 1.03800 0.22000 0.48800 0.15600 0.31495   0   0 bad
1273-576-52993 0.89690 17.97 0.88095   B    M 0.70200 0.09800 0.65400 0.12200 0.00843   0   0 good
1350-243-52786 1.95600 18.50 1.77818   C    M 2.71300 0.43100 3.52000 0.61400 0.06195   0   0 bad
0598-399-52316 1.46060 19.04 0.94067   D    M 1.32100 0.30300 1.07000 0.35500 0.23300   0   0 bad
1374-381-53083 2.03160 17.20 0.40477   D    M 0.31400 0.07800 0.52400 0.13500 0.64647   0   0 bad
1429-526-52990 2.31140 19.09 0.74971   C    M 1.59300 0.32700 2.05800 0.28600 0.56347   0   0 bad
0502-398-51957 1.10390 16.93 1.08727   C    M 0.39500 0.06400 0.40200 0.08200 0.00793   0   0 unsure
0398-006-51789 1.89850 18.99 1.64664  C*    M 1.64500 0.37000 10.20700 0.61300 0.09067   0   0 bad
0981-117-52435 0.46780 18.95 0.46745   C    M 2.00000 0.25600 1.17900 0.27100 0.00022   0   0 good
0890-436-52583 1.21150 19.23 1.18911   C    M 3.85100 0.45300 2.79300 0.42600 0.01019   0   0 good
1397-223-53119 1.66270 18.81 0.46413   D    M 1.17200 0.28700 7.34600 0.33100 0.53567   1   1 bad
0759-412-52254 1.54210 18.66 1.44746   C    M 1.95900 0.26000 2.30800 0.44800 0.03790   0   0 good
1401-525-53144 2.43090 18.59 1.97407   D    M 1.54000 0.37900 1.56900 0.46200 0.14191   0   0 bad
1704-617-53178 2.22220 18.47 0.74587   E    M 0.91300 0.18900 1.49800 0.26600 0.54610   0   0 bad
1385-312-53108 1.80120 18.84 0.53160   C    M 9.04500 0.36000 8.15600 0.33900 0.53971   0   0 bad
0308-190-51662 1.25470 18.94 1.24955   A    F 2.96100 0.21500 2.87400 0.33900 0.00227   0   0 good
0498-314-51984 1.57230 19.07 1.18408   C    M 3.12100 0.45800 2.23800 0.38000 0.16216   0   0 unsure
1463-075-53063 2.64040 18.87 1.19890   E    M 5.71200 0.46200 5.13900 0.51400 0.46535   0   0 bad
1340-072-52781 2.01110 17.93 0.48850   C    M 8.97800 1.62500 7.81800 0.72100 0.60724   1   1 bad
1166-385-52751 2.09310 18.69 1.73921   C    M 1.27900 0.23100 1.86900 0.39300 0.12091   0   0 bad
1284-302-52736 1.54670 18.56 0.92559   D    M 1.46500 0.32500 0.64000 0.20000 0.27251   0   0 bad
1376-256-53089 1.98380 17.82 1.99044   B   MC 1.48700 0.18500 0.73700 0.21700 -0.00221   1   1 good
0931-572-52619 1.52240 19.01 0.61528  C*    M 1.24000 0.27300 1.22300 0.37400 0.41835   0   0 good
0849-292-52439 2.34370 18.56 2.03281   B    M 2.95800 0.43500 3.31800 0.80600 0.09728   0   0 bad
0461-636-51910 2.10740 19.20 0.41692   C    M 1.81700 0.42700 2.38100 0.52800 0.65573   0   0 unsure
1271-004-52974 2.06950 19.51 0.91484   D    M 1.10900 0.19300 1.27300 0.40000 0.43970   0   0 bad
0743-337-52262 1.12130 17.57 0.61174  C*    M 1.26900 0.20900 0.30900 0.05700 0.26799   0   0 bad
1000-221-52643 1.73790 18.54 0.49244   C    M 0.52600 0.12200 0.46400 0.08100 0.54184   0   0 bad
1226-580-52734 1.58900 18.15 0.39996   C    M 6.50500 0.56800 6.66900 0.51700 0.54752   1   1 bad
1011-317-52652 3.44180 19.55 0.99766   D    M 1.92300 0.45700 1.32400 0.43900 0.66353   0   0 bad
0445-212-51873 1.67400 19.29 0.54851   D    M 2.26800 0.42900 0.73100 0.18800 0.49772   0   0 bad
1436-226-53054 1.79160 19.02 0.61685   C    M 2.12700 0.40500 1.58000 0.38000 0.49761   0   0 good
1609-312-53142 1.23190 18.62 0.98526   C    M 1.32600 0.29600 1.43800 0.21500 0.11655   0   0 bad
1007-140-52706 1.98350 17.76 0.63093   E    M 0.91000 0.15500 0.19100 0.04100 0.53985   0   0 bad
1204-250-52669 1.85630 19.22 1.33034   C    M 2.30300 0.52200 1.56200 0.36100 0.20076   0   0 bad
1269-381-52937 1.00990 18.65 0.99192   D    M 1.21000 0.19400 1.80300 0.53100 0.00899   0   0 bad
1318-634-52781 3.45850 19.07 1.41003   C    M 1.99500 0.42400 1.80000 0.30200 0.54777   0   0 bad
1435-386-52996 1.09290 18.11 1.08845   D    M 2.24600 0.24100 0.68100 0.19400 0.00214   0   0 good
0393-423-51794 2.05750 18.52 1.77832   D    M 1.96000 0.47700 1.24600 0.32500 0.09545   0   0 bad
0826-602-52295 1.45590 18.45 0.99203   C    M 7.17900 1.00800 5.30100 1.00400 0.20633   0   0 bad
0553-469-51999 1.56640 19.13 0.37819   C    M 4.18600 0.96200 3.94100 0.94000 0.55234   1   1 bad
1397-249-53119 2.05130 19.01 1.38043   B    M 1.11800 0.19600 1.64000 0.32800 0.24329   0   0 good
0605-209-52353 1.18900 18.13 0.50177   D    M 0.53100 0.12800 0.75200 0.22600 0.35993   0   0 bad
0600-521-52317 1.76220 19.04 1.50254   D    M 1.25200 0.28300 0.55400 0.17800 0.09841   1   1 unsure
0269-297-51910 1.66150 19.04 1.60792   B    C 1.75900 0.39100 0.89100 0.25700 0.02034   1   1 bad
0437-247-51869 1.35760 18.76 1.35698   A   MF 4.28600 0.24800 3.82300 0.25200 0.00025   0   0 good
0288-264-52000 1.60740 19.07 0.41537   C    M 6.92700 1.02600 8.14300 0.91600 0.54479   1   1 bad
0830-221-52293 1.70520 18.69 1.60193   E    M 2.45900 0.38400 2.51500 0.35900 0.03891   0   0 bad
0608-273-52081 1.95340 18.89 1.30449   D    M 1.33200 0.29000 0.72200 0.18700 0.24311   1   1 bad
0467-212-51901 3.23720 19.65 1.15672  C*    M 2.50900 0.51500 2.10300 0.65000 0.58846   0   0 good
1610-030-53144 2.01570 17.16 1.31606  C*    M 0.69800 0.11200 0.24300 0.04500 0.25799   0   0 unsure
0759-019-52254 2.39120 18.64 0.71650   D    M 1.36700 0.25000 0.60400 0.16300 0.59210   0   0 bad
0293-074-51994 1.78920 17.45 0.48103   E    M 0.73600 0.15900 1.21600 0.17700 0.56012   1   1 bad
0514-242-51994 0.48070 19.00 0.38627   D    M 0.77500 0.18800 0.72400 0.18400 0.06582   0   0 unsure
1340-050-52781 1.40830 18.34 0.65961   D    M 0.87500 0.21500 0.80800 0.21800 0.35604   0   0 bad
1367-538-53083 1.94060 18.56 1.91990   D   MC 1.38400 0.32100 0.90400 0.29300 0.00706   1   1 unsure
0955-297-52409 2.44940 18.48 1.79362   C    M 3.80300 0.82800 2.97300 0.56200 0.20780   0   0 bad
0733-394-52207 2.41500 19.27 1.97226   C    M 4.56600 0.63600 2.86200 0.60700 0.13797   0   0 bad
0461-440-51910 2.30920 18.86 0.76853   C    M 5.88000 0.42200 3.52700 0.35400 0.55568   0   0 bad
0897-138-52605 3.54430 18.45 2.01081   C    M 3.60700 0.37100 3.55300 0.83500 0.38989   0   0 bad
1191-266-52674 0.61770 19.41 0.54948   D    M 2.89600 0.62100 1.66400 0.48700 0.04309   0   0 bad
0978-422-52441 2.33650 19.59 1.12062   D    M 2.23300 0.54100 1.40100 0.39200 0.42455   0   0 bad
1207-300-52672 2.05670 18.27 2.01310   C    M 2.32200 0.54200 1.44200 0.33200 0.01437   0   0 bad
0660-364-52177 1.86200 18.72 1.79746   C    M 4.70200 0.64600 3.33300 0.51200 0.02281   0   0 bad
1270-240-52991 2.43730 18.34 1.46132   C    M 3.26000 0.19200 2.35500 0.17500 0.32210   0   0 bad
0784-574-52327 2.13710 18.98 1.12696   D    M 1.14200 0.28300 0.77600 0.25600 0.37017   0   0 unsure
0796-249-52401 0.46960 19.06 0.46533   C    M 1.68800 0.33600 0.99900 0.22800 0.00294   0   0 unsure
0877-598-52353 2.12690 18.65 1.50349   C   MC 1.53600 0.35800 0.60700 0.16800 0.21876   0   0 unsure
1356-257-53033 0.92410 19.23 0.92237   B    M 1.95000 0.24500 1.64000 0.24100 0.00091   0   0 good
1271-297-52974 1.38250 19.05 0.97486   D    M 1.09100 0.21400 4.23100 0.92900 0.18550   0   0 bad
1447-345-53120 0.58760 18.54 0.58188   D    M 0.58000 0.13700 0.51300 0.15600 0.00361   0   0 bad
1316-337-52790 2.57380 18.78 1.38682   C    M 1.32400 0.27200 1.08600 0.22500 0.38307   0   0 bad
1748-184-53112 1.43380 18.75 1.43728   A   MF 6.04400 0.21900 5.33500 0.38800 -0.00144   0   0 good
1047-501-52733 2.13240 18.85 1.95377   A  MCF 3.41900 0.47700 3.04900 0.90000 0.05866   0   0 good
0450-329-51908 1.84590 19.19 1.31372   C    M 2.37700 0.49400 1.50300 0.27800 0.20413   0   0 bad
1333-325-52782 1.77380 19.12 1.51857   D    M 1.41200 0.18600 3.09100 0.74400 0.09624   0   0 bad
0855-523-52375 1.58980 18.45 1.60374   A   MC 7.61700 0.44400 7.77100 0.31300 -0.00535   0   0 good
1416-341-52875 2.23520 18.86 1.88314  C*    M 3.87600 0.90600 3.44800 0.78000 0.11471   0   0 unsure
0952-169-52409 2.26190 18.87 0.43483   C    M 7.22300 1.77000 4.00100 0.72000 0.67576   1   1 bad
0849-456-52439 1.21840 18.55 0.70676   C    M 0.70600 0.17400 1.12200 0.24900 0.25635   0   0 good
1214-379-52731 0.59020 18.96 0.58824   C    M 1.62200 0.21500 0.80200 0.17500 0.00123   0   0 good
0298-639-51955 1.87920 18.91 1.77652   C    M 1.80600 0.44500 1.25500 0.37400 0.03631   0   0 bad
1757-614-53083 1.97560 17.45 0.61190   B    M 6.90700 0.10400 6.98400 0.08800 0.54625   1   1 bad
0542-165-51993 3.71070 18.95 1.56101   A   MF 0.55900 0.13000 0.61800 0.14700 0.54374   0   0 unsure
1676-314-53147 1.86770 19.20 1.82050   B    M 3.02500 0.67000 3.54700 0.87300 0.01658   0   0 bad
0920-586-52411 1.38670 19.12 1.35019   B    M 1.65200 0.39800 1.24100 0.29100 0.01543   0   0 good
0286-217-51999 1.97260 17.82 1.99896   D    M 1.16900 0.25900 1.21800 0.38900 -0.00883   0   0 bad
0451-047-51908 2.01650 19.17 1.79235   D    M 3.65900 0.64800 1.99000 0.48400 0.07706   0   0 bad
1299-173-52972 1.89330 18.65 1.77741   A   MC 1.32700 0.29700 1.24100 0.30200 0.04087   0   0 good
0963-590-52643 1.92490 18.80 1.78322   C    M 5.20400 0.45500 3.93800 0.91300 0.04962   1   1 bad
1301-221-52976 1.53750 18.64 1.44554   D    M 1.05800 0.15700 1.77300 0.23200 0.03690   0   0 bad
0828-007-52317 2.33410 18.95 1.07034   C    M 4.15000 0.52300 2.94000 0.31800 0.44343   1   1 bad
0645-250-52203 2.00400 17.44 2.01861   D    M 1.27700 0.23200 1.40700 0.42200 -0.00484   0   0 bad
0511-156-52636 1.51820 18.85 1.50993  C*    M 1.85900 0.20500 2.16500 0.22600 0.00329   1   1 good
0586-067-52023 1.02910 18.72 1.03236   A   MF 4.51500 0.33700 5.60900 0.35400 -0.00160   0   0 good
0730-032-52466 1.86310 18.98 1.40035   C    M 1.15800 0.28800 1.02500 0.19500 0.17450   0   0 unsure
1385-116-53108 2.67580 19.04 1.85699   C    M 3.71700 0.70600 2.67100 0.66500 0.24681   0   0 bad
0401-192-51788 2.60260 18.37 0.59415   C    M 2.11300 0.17900 1.66700 0.18000 0.67251   0   0 good
1414-592-53135 2.25990 19.36 1.85654   C    M 6.33000 1.33700 9.35500 1.28100 0.13134   0   0 bad
0758-316-52253 0.81400 18.30 0.79145   C    M 0.26000 0.04900 0.40400 0.10000 0.01249   0   0 unsure
0351-007-51780 2.12920 18.97 1.62013   C    M 3.13700 0.60600 4.60400 0.77900 0.17572   0   0 bad
0292-575-51609 1.78290 19.09 1.32093   B    M 2.55300 0.37800 1.25200 0.25600 0.17956   0   0 good
0789-318-52342 1.68560 18.95 1.48510   C    M 1.85300 0.22900 2.22700 0.44200 0.07745   0   0 bad
0618-055-52049 1.87530 18.63 0.82089   C    M 1.23500 0.29900 0.74700 0.18400 0.42751   0   0 bad
1779-157-53089 0.74610 18.27 0.74434   C    M 3.28400 0.18800 2.35000 0.14700 0.00098   0   0 good
1596-148-52998 2.67250 17.53 1.98649   B    M 1.18500 0.20900 0.58500 0.18700 0.20387   1   1 unsure
1456-042-53115 0.99650 18.77 0.99944   D    M 2.38700 0.22900 0.60000 0.11600 -0.00149   0   0 bad
0884-072-52374 1.29050 19.14 0.93541   D    M 1.72400 0.34600 1.00000 0.29400 0.16687   0   0 unsure
0973-202-52426 1.20310 19.13 0.55824   D    M 2.06300 0.39600 1.53200 0.39000 0.33309   0   0 bad
0777-631-52320 2.83780 18.91 1.85504   C    M 2.93500 0.60300 4.21600 0.54100 0.28748   1   1 bad
0384-317-51821 1.88620 19.05 0.90535   D    M 1.72700 0.35000 1.01900 0.29400 0.39294   0   0 bad
0937-503-52707 1.81730 19.57 1.61977   D    M 4.27000 0.52200 4.03200 1.02800 0.07258   0   0 bad
0513-531-51989 2.44480 19.04 0.59492   E    M 0.96400 0.21600 0.48600 0.16200 0.64695   0   0 bad
1286-550-52725 1.76430 19.08 1.76944   A    M 1.80700 0.23000 1.46400 0.27800 -0.00186   0   0 good
0735-390-52519 1.98010 18.68 1.82085   D    M 1.98100 0.48500 3.01000 0.86700 0.05485   0   0 bad
0726-126-52226 2.27870 18.79 1.77792   B    M 2.69700 0.45600 1.98600 0.23400 0.16425   0   0 bad
0473-367-51929 1.49270 19.65 0.85503  C*    M 0.93800 0.17600 0.94000 0.29800 0.28715   0   0 unsure
0762-034-52232 1.17110 17.81 1.05691   D    M 0.85000 0.19900 0.32400 0.09500 0.05396   0   0 bad
0893-126-52589 2.07310 18.05 1.17244   E    M 1.35500 0.14700 0.70600 0.16400 0.33357   0   0 bad
1395-302-52825 1.94410 19.05 0.59823   B    M 4.23300 0.82800 7.01500 1.13700 0.54477   1   1 good
0904-359-52381 0.58970 19.09 0.58920   C    M 1.63700 0.20800 1.35700 0.17900 0.00034   0   0 good
0610-418-52056 1.02990 19.02 0.37104   C    M 1.39500 0.34000 1.45300 0.31400 0.37346   0   0 good
0501-316-52235 2.03270 18.72 0.68921   D    M 0.37000 0.07700 0.35300 0.10600 0.52642   0   0 bad
1163-360-52669 2.54690 18.87 1.77790   D    M 4.35700 0.41500 3.37100 1.00600 0.23964   0   0 bad
0552-323-51992 2.20380 18.95 0.55734   C    M 0.54300 0.13400 0.60300 0.13400 0.61776   0   0 bad
0770-607-52282 1.77520 18.97 1.32441   B    M 2.01300 0.23200 1.40900 0.34200 0.17543   0   0 unsure
0406-037-51869 2.72570 17.86 0.91074   A    M 1.81500 0.15600 0.72800 0.15600 0.58351   1   1 unsure
1444-247-53054 1.85790 18.10 1.21218   A   MF 2.57000 0.24200 2.21900 0.26100 0.25065   0   0 good
0908-158-52373 1.90220 19.09 1.26275   D    M 1.40000 0.30900 0.85300 0.27700 0.24387   0   0 bad
1648-322-53171 1.02810 19.62 0.50037   D    M 0.68000 0.13600 0.74100 0.21400 0.29256   0   0 bad
0850-514-52338 1.71880 18.55 1.61201   C    C 2.34800 0.33100 0.98300 0.24200 0.04004   0   0 bad
1363-392-53053 1.91970 19.10 1.60745   C    M 2.37900 0.57400 3.02400 0.30500 0.11264   1   1 bad
1613-022-53115 1.79900 19.07 0.79601   D    M 0.78300 0.15800 1.28800 0.39900 0.41669   0   0 bad
0718-194-52206 0.69890 18.22 0.53068   C    M 0.19500 0.04700 0.24500 0.04700 0.10391   0   0 unsure
0375-608-52140 3.04810 19.00 1.55710   D    M 1.60400 0.39200 0.89400 0.26100 0.42957   0   0 bad
1704-632-53178 1.31730 18.38 1.21128   B    M 0.65200 0.12100 0.79800 0.16400 0.04678   0   0 good
0409-271-51871 1.60230 18.19 0.43241   E    M 1.00800 0.22600 1.02600 0.14900 0.53492   0   0 bad
0872-204-52339 2.07450 19.02 0.53328   E    M 6.31100 0.32600 3.90500 0.28200 0.60166   0   0 bad
0407-304-51820 2.35320 18.82 0.48580   C    M 0.97700 0.21100 1.41700 0.23400 0.67178   0   0 bad
1610-030-53144 2.01570 17.16 0.66190   E    M 2.24400 0.12700 0.36400 0.08500 0.53410   0   0 bad
0538-350-52029 0.67270 17.47 0.45435  C*    M 0.79800 0.10800 0.21300 0.07000 0.13898   0   0 good
0300-036-51943 2.32170 19.11 1.20611   D    M 4.25500 0.40400 0.95600 0.27900 0.38784   1   1 bad
0406-595-51869 2.14740 19.05 1.77565   C    M 5.76500 0.88700 3.28400 0.63200 0.12504   0   0 bad
0915-002-52443 1.47210 19.05 0.96168   D    M 1.11800 0.22600 1.20800 0.34700 0.22723   0   0 bad
1648-199-53171 2.22730 19.02 0.48077   C    M 1.65600 0.29700 1.83600 0.33800 0.65218   0   0 bad
0415-195-51810 1.49850 18.53 1.48412   B    M 0.87600 0.20600 0.53400 0.13200 0.00579   0   0 bad
0890-142-52583 1.99220 18.48 1.77723   C    M 1.88500 0.35500 1.54400 0.38000 0.07441   1   1 bad
1436-107-53054 2.13320 19.07 1.06959   B    M 1.46000 0.34700 1.01600 0.30700 0.39247   0   0 good
0951-342-52398 1.86020 19.54 1.69985   C    M 6.18800 0.85500 2.77400 0.74400 0.05764   0   0 good
1590-264-52974 2.34010 19.02 1.80656   C    M 2.49000 0.51400 4.69300 0.96900 0.17232   0   0 bad
0517-072-52024 2.09710 19.03 0.69264   C    M 6.19900 0.99700 7.86500 0.44600 0.54002   1   1 bad
1046-224-52460 2.32780 18.08 0.76472   E    M 0.84700 0.17000 1.81300 0.23000 0.56101   1   1 bad
0488-627-51914 2.02170 19.14 1.73624   A    M 3.49300 0.42900 2.07800 0.32400 0.09890   0   0 bad
1361-299-53047 1.50510 18.78 0.58421   C    M 2.95600 0.56400 0.89300 0.20100 0.42864   0   0 bad
0633-353-52079 1.75450 17.90 0.46983   E    M 2.94900 0.30300 0.94700 0.15900 0.55674   1   1 bad
0453-529-51915 2.05850 19.50 1.79160   C    M 3.10900 0.64400 4.01200 1.00700 0.09105   0   0 bad
1567-459-53172 1.78630 19.12 0.42401   C    M 1.05800 0.17300 1.10200 0.27000 0.58580   1   1 bad
0651-519-52141 2.06270 18.65 0.69078   C    M 1.99300 0.27800 1.30400 0.20600 0.53285   1   1 bad
0889-477-52663 3.14880 17.54 0.89850   D    M 0.90100 0.22400 0.75400 0.21500 0.65372   1   1 bad
1680-085-53171 1.22950 18.32 1.21874   A   MF 2.71400 0.16900 2.09800 0.16400 0.00483   0   0 good
0592-318-52025 1.65950 19.15 0.78093   D    M 1.24000 0.28900 1.40300 0.43800 0.38081   0   0 bad
0626-378-52057 2.31290 19.09 1.81402   D    M 3.33100 0.64500 2.36500 0.77500 0.16179   0   0 bad
0907-054-52373 1.13450 18.40 0.55091   D    M 1.59500 0.20600 0.62800 0.18400 0.30894   0   0 bad
1039-607-52707 1.63200 18.31 1.60779   A    M 3.35200 0.31600 2.86800 0.32500 0.00922   1   1 good
0875-339-52354 1.98550 19.06 1.80796   D    M 2.22600 0.42500 3.89200 0.99900 0.06124   0   0 bad
0647-550-52553 0.45250 18.64 0.45155   C    M 0.44800 0.09500 0.63800 0.10700 0.00069   0   0 good
0723-615-52201 1.92530 18.30 1.62090   C    C 3.35200 0.26900 2.54700 0.40200 0.10944   0   0 good
0528-121-52022 1.57320 17.59 0.42955   C    M 1.15500 0.18700 0.67500 0.15300 0.52831   0   0 unsure
0429-603-51820 1.92280 19.26 1.83478   B    C 3.89900 0.52300 6.93500 1.03700 0.03058   0   0 unsure
0959-480-52411 1.18630 18.77 1.10960   D    M 1.21500 0.28100 0.82700 0.24000 0.03571   0   0 bad
1741-461-53052 0.83210 18.31 0.62774   D    M 0.36300 0.05900 0.41900 0.13200 0.11772   0   0 bad
0508-005-52366 2.11900 19.17 1.20417   D    M 1.42700 0.34400 1.91700 0.51300 0.33385   0   0 bad
0834-599-52316 1.73720 19.58 1.51159   C    M 1.61300 0.39500 1.24600 0.31000 0.08582   0   0 unsure
1269-277-52937 2.04830 17.61 0.48632   E    M 4.21100 0.14600 8.01300 0.16800 0.61584   1   1 bad
0360-109-51816 0.79770 19.01 0.78888   C    M 1.26600 0.26100 0.64300 0.14400 0.00492   0   0 unsure
0273-632-51957 2.67340 19.95 1.02442  C*    M 9.43200 2.33900 14.21600 3.55700 0.53409  10   3 bad
0657-242-52177 3.25120 18.52 1.34106   E    M 0.84000 0.17300 0.98900 0.13500 0.53462   0   0 bad
0627-314-52144 1.08140 19.10 0.78520   D    M 1.09800 0.23100 1.09800 0.31100 0.15230   0   0 bad
0273-007-51957 2.04170 18.59 2.01885   A   CF 16.49100 1.05700 19.78000 1.01900 0.00754   0   0 good
0850-617-52338 2.12520 18.67 1.96208   C    M 2.85800 0.69100 2.69600 0.63700 0.05356   0   0 unsure
0494-396-51915 2.50220 19.20 1.35520   D    M 0.51100 0.08200 0.63100 0.19700 0.37719   0   0 bad
1780-340-53090 1.86650 18.72 1.83952   C    M 4.45100 0.50500 4.84100 0.78500 0.00944   1   1 bad
0437-157-51869 1.11770 18.94 1.12128  C*    M 0.89500 0.19100 0.65700 0.21500 -0.00168   0   0 good
0757-627-52238 1.67560 19.29 0.99667   B    M 2.00300 0.35900 1.40400 0.33500 0.28462   0   0 bad
0952-169-52409 2.26190 18.87 1.99511   B    M 6.58800 0.91100 5.67100 0.78500 0.08513   1   1 bad
0860-004-52319 1.53600 18.41 1.34108   D    M 0.32200 0.06800 0.61200 0.17900 0.07980   0   0 bad
0372-516-52173 1.05150 19.45 0.87068   D    M 1.45700 0.33500 1.26400 0.40500 0.09200   0   0 good
0957-307-52398 1.34900 19.07 1.32327   B    M 3.20300 0.38300 2.94100 0.38800 0.01103   0   0 good
0492-423-51955 1.98540 18.85 1.60187   D    M 1.04300 0.25300 0.85100 0.27400 0.13666   0   0 bad
0525-162-52295 2.01770 18.87 0.63020   C    M 6.86800 0.24200 4.84400 0.21000 0.54819   1   1 bad
0917-076-52400 3.65220 19.05 1.50777  C*    M 11.32400 0.50800 10.27400 0.45800 0.54970   1   1 bad
0486-516-51910 2.33980 18.07 0.63914   D    M 1.89800 0.44500 1.59700 0.45500 0.61177   1   1 bad
1297-316-52963 2.13580 18.80 0.72638   E    M 2.78900 0.35200 3.11300 0.35200 0.53481   1   1 bad
0526-594-52312 2.12620 19.08 0.83066   B    M 1.21100 0.30200 1.61400 0.29500 0.48930   0   0 good
0358-194-51818 2.99940 19.58 1.81833   B    M 5.04000 1.20700 2.83600 0.66800 0.33638   1   1 bad
0391-078-51782 1.51150 18.93 0.37743   E    M 12.08500 2.27500 9.74000 1.59900 0.53753   0   0 bad
1682-592-53173 0.46400 18.79 0.46466   B    M 0.83900 0.18300 0.96800 0.22800 -0.00043   0   0 good
0465-317-51910 1.35060 19.18 0.99568   B    M 3.46400 0.70300 0.95700 0.23900 0.16224   0   0 bad
1680-547-53171 1.52190 18.70 0.62984   D    M 0.96600 0.21200 0.63100 0.19500 0.41075   0   0 bad
1356-150-53033 0.95990 19.10 0.40615   C    M 1.33500 0.26700 1.28700 0.29400 0.32034   0   0 unsure
0743-337-52262 1.12130 17.57 0.51377   D    M 1.05300 0.15100 0.38800 0.11700 0.32517   0   0 bad
1697-600-53142 0.58890 18.87 0.57678   A   MF 3.52700 0.52900 6.41900 0.44600 0.00763   1   1 good
1223-298-52781 1.72810 19.12 0.99954   B    M 2.00900 0.33500 1.85900 0.46700 0.30106   0   0 bad
0888-301-52339 2.94110 19.54 1.99277   C    M 7.31100 0.88600 7.83600 1.10600 0.26851   0   0 bad
1325-028-52762 1.72060 19.01 1.69844   A   MF 7.20400 0.50500 6.46100 0.54600 0.00819   0   0 good
0939-627-52636 1.67840 18.95 0.81532   D    M 0.50000 0.09200 0.69500 0.21200 0.37046   1   1 unsure
1402-441-52872 3.22220 19.39 1.77125   B    M 3.11200 0.67400 3.90000 0.63800 0.39781   0   0 bad
0474-178-52000 2.86320 19.22 1.58716  C*    M 1.54000 0.34600 1.83700 0.52900 0.38075   1   1 bad
0721-297-52228 1.91730 17.68 1.76831   A    C 0.37500 0.06800 0.66100 0.13900 0.05236   0   0 bad
1002-305-52646 1.93870 18.92 1.84283   C    M 4.05800 0.58300 4.09600 0.98900 0.03316   0   0 bad
0266-396-51630 1.40650 18.51 0.41703   D    M 4.07100 0.32000 1.25100 0.35800 0.48509   0   0 bad
1263-569-52708 2.19160 18.64 1.27220   E    M 3.55200 0.65800 0.66900 0.11400 0.32728   0   0 bad
1365-236-53062 2.39580 18.67 0.85485   E    M 3.77200 0.65800 5.72200 0.43400 0.54042   1   1 bad
0613-383-52345 1.67670 19.52 1.45280   D    M 2.45500 0.49700 2.04800 0.54600 0.08712   0   0 bad
0870-119-52325 0.57660 19.10 0.57649   B    M 3.30300 0.38100 3.07900 0.36300 0.00007   0   0 good
1165-277-52703 2.01290 18.74 0.63776   C    M 3.56700 0.64600 4.41900 0.82300 0.54382   1   1 bad
1314-373-53050 0.66320 19.10 0.42422   C    M 2.91600 0.42100 2.41300 0.45800 0.15391   0   0 bad
1161-562-52703 1.74950 17.70 1.21669   E    M 0.77900 0.17700 0.64700 0.15100 0.21213   0   0 bad
0774-397-52286 1.84750 18.90 1.01649   C    M 1.84400 0.44300 2.16500 0.53600 0.33202   1   1 good
0845-328-52381 2.09190 17.54 1.96657   A  MCF 1.22900 0.29900 1.95600 0.30300 0.04137   0   0 good
0627-068-52144 1.70160 18.89 0.45972   E    M 1.77200 0.36900 2.70800 0.58400 0.54807   0   0 bad
1748-393-53112 2.01210 18.94 1.80432   A   MF 2.76100 0.47200 2.31000 0.46200 0.07137   0   0 bad
0329-464-52056 1.93040 19.68 1.92463   D    M 3.49100 0.73200 2.30000 0.76000 0.00199   0   0 unsure
0946-198-52407 1.77820 19.01 0.74351   B    M 1.93700 0.28600 2.02100 0.40600 0.43488   0   0 good
0611-101-52055 1.90080 17.85 1.56541   A  MCF 10.04500 0.21300 8.69100 0.19200 0.12224   0   0 good
0460-328-51924 2.04170 19.54 1.67615   B    M 2.46200 0.60300 2.16700 0.51200 0.12733   0   0 unsure
0510-634-52381 1.99840 18.58 2.01553  C*    M 3.75100 0.44100 1.32400 0.43900 -0.00568   0   0 bad
1610-562-53144 0.43970 17.28 0.43984   B    M 4.42000 0.08200 3.57100 0.09000 -0.00012   1   1 good
1186-291-52646 1.13570 18.68 0.61017   C    M 1.00200 0.23200 0.95900 0.21900 0.27516   0   0 good
0996-002-52641 3.85720 19.23 1.82816   D    M 2.93700 0.62300 6.17800 1.05000 0.49361   0   0 bad
0468-563-51912 1.83430 19.05 1.80949   B    M 3.79100 0.54500 2.64300 0.65100 0.00879   0   0 bad
0660-281-52177 2.05810 18.67 1.98220   B    M 4.76400 0.31300 5.28000 0.59300 0.02514   0   0 bad
0342-222-51691 2.22420 19.05 2.01699   C    M 7.40700 1.26100 2.37900 0.50300 0.06632   0   0 bad
1060-172-52636 1.73920 19.12 1.60993   A   MC 5.91600 1.13000 5.69400 1.17900 0.04832   0   0 good
0338-402-51694 1.19860 18.01 0.50971   D    M 1.19300 0.17100 0.45300 0.14800 0.35913   0   0 bad
1702-240-53144 2.15900 18.98 1.89367   D    M 1.60800 0.37400 1.48500 0.41100 0.08752   0   0 bad
0384-119-51821 0.90720 18.18 0.41991   C    M 1.24600 0.29200 0.51100 0.11100 0.28677   0   0 bad
1212-416-52703 2.97350 19.48 1.86555   B   MF 5.60600 1.01500 2.52300 0.74600 0.31571   1   1 bad
0833-346-52314 1.61230 17.18 0.41398   C    M 0.87600 0.12900 0.48100 0.11600 0.54682   1   1 bad
0599-208-52317 1.74240 18.97 1.47987   D    M 1.57700 0.36100 1.53800 0.50000 0.10030   0   0 good
0771-038-52370 2.09790 19.05 1.96442   A    F 4.58900 0.49200 4.76700 0.45600 0.04402   0   0 good
0406-114-51869 3.63130 19.29 1.56652  E*    M 1.41100 0.31200 0.81700 0.22100 0.53010   0   0 bad
1161-071-52703 1.82200 18.36 1.82039   A   MC 1.92900 0.40000 1.43700 0.35400 0.00055   0   0 good
0497-226-51989 1.00130 18.42 0.39375   D    M 0.93100 0.14400 0.69100 0.17500 0.34681   0   0 bad
0885-116-52379 2.55930 18.78 1.83896   E    M 1.98600 0.42900 3.13600 0.64400 0.22235   0   0 bad
0571-357-52286 1.69300 18.16 0.45089   C    M 12.50600 0.39800 6.29000 0.25100 0.55006   1   1 bad
0970-617-52413 0.63710 18.56 0.46377   C    M 0.54500 0.09700 0.64200 0.16000 0.11143   0   0 unsure
0491-320-51942 2.17850 18.64 1.97513   C    C 1.41300 0.25100 0.95100 0.26800 0.06602   0   0 unsure
0991-002-52707 2.27220 19.03 0.78375   C    M 10.09100 0.78700 9.83200 0.41300 0.54183   1   1 bad
1057-274-52522 1.93130 18.27 1.93395   A    M 4.28700 0.28400 3.28900 0.28700 -0.00091   0   0 good
0775-496-52295 2.04050 19.00 1.53595   B    M 18.60800 0.75000 13.13300 0.54800 0.17947   1   1 unsure
1221-326-52751 3.60040 18.46 1.05380   C    M 1.12400 0.27000 1.63300 0.41200 0.66763   0   0 unsure
0581-328-52356 3.00980 18.82 1.79790  C*    M 2.17500 0.42500 1.19100 0.32000 0.34510   1   1 bad
1012-044-52649 1.37330 18.52 1.36815   B    M 1.58300 0.15500 1.59400 0.16200 0.00217   0   0 good
0761-519-52266 2.01260 18.41 0.50169   E    M 0.85600 0.19700 0.32100 0.06500 0.60195   0   0 bad
0935-020-52643 1.42050 18.08 1.11347   D    M 1.22900 0.30500 1.90600 0.37800 0.13482   0   0 bad
0644-304-52173 2.59830 18.51 1.77209   B    M 2.46300 0.47400 2.58700 0.51400 0.25511   0   0 bad
0727-155-52207 0.50510 18.39 0.50479   C    M 1.90000 0.30800 1.93500 0.30800 0.00022   0   0 good
0534-253-51997 1.17740 18.87 0.71305   D    M 0.85700 0.20600 0.66200 0.20000 0.23538   0   0 unsure
0524-334-52027 1.22600 18.65 1.00828   C    M 1.18600 0.27900 0.71000 0.12400 0.10256   0   0 good
0978-553-52441 1.87410 17.94 0.84056   B    M 2.31600 0.13700 4.36600 0.18500 0.41834   1   1 bad
0644-147-52173 2.11980 19.11 1.72933   C    M 2.29500 0.53900 3.19200 0.79000 0.13292   0   0 bad
0776-640-52319 2.08390 19.53 0.48991   D    M 3.32600 0.79300 1.60500 0.43800 0.62152   0   0 bad
0377-484-52145 1.35620 19.16 0.99723   D    M 1.65600 0.33400 0.86800 0.26300 0.16380   0   0 bad
1757-614-53083 1.97560 17.45 0.57189   C    M 2.24700 0.14500 0.97100 0.15800 0.56365   1   1 bad
0387-167-51791 2.13510 18.88 1.47231  C*    M 0.88700 0.19900 0.82200 0.23200 0.23315   0   0 bad
0718-320-52206 0.97570 19.10 0.55880   B    M 2.62200 0.36700 1.63700 0.34100 0.23268   0   0 good
0465-317-51910 1.35060 19.18 1.20242   C    M 3.18900 0.66500 1.68200 0.40600 0.06503   0   0 bad
0416-305-51811 1.66440 19.01 1.06206   C    M 2.06600 0.38500 2.55600 0.50100 0.25080   0   0 bad
0546-430-52205 1.32810 19.14 1.33307   B    M 2.70900 0.20100 3.01500 0.29500 -0.00214   0   0 good
1200-080-52668 1.47240 18.80 1.47027   A    M 2.95600 0.21100 1.71300 0.21700 0.00085   0   0 good
1699-244-53148 1.22110 19.05 1.22769   A    M 4.51600 0.19800 4.23900 0.27700 -0.00298   0   0 good
0627-331-52144 1.82160 18.62 0.52335   C    M 6.43100 0.71200 5.65200 0.60400 0.54861   1   1 bad
0662-565-52147 1.84630 19.09 1.81822   A  MCF 4.73000 0.65100 8.92400 0.84900 0.00991   0   0 good
0281-182-51614 1.45960 18.30 1.44848   C    M 0.58700 0.13100 0.59400 0.10100 0.00455   0   0 bad
0934-636-52672 2.19020 17.73 1.29728   D    M 0.27300 0.05700 0.17700 0.05600 0.31704   0   0 bad
0775-496-52295 2.04050 19.00 0.80743   C    M 14.32400 1.53000 6.34900 1.02700 0.47778   1   1 bad
1053-131-52468 2.26000 19.10 2.07367   A   CF 2.81100 0.60800 4.54300 0.83400 0.05878   0   0 good
0551-095-51993 2.21000 19.00 1.79599   B    M 3.48700 0.71900 2.22800 0.50100 0.13721   1   1 bad
0335-055-52000 1.78150 18.79 0.51071   D    M 3.81800 0.60400 0.97400 0.29600 0.54442   0   0 bad
1017-592-52706 1.19650 17.81 0.71504   D    M 0.26800 0.05700 0.39500 0.12100 0.24252   0   0 bad
1740-277-53050 1.79790 19.05 1.77032   C    M 2.03700 0.38800 1.94500 0.29700 0.00989   0   0 bad
0951-404-52398 2.92640 19.01 1.16051   C    M 0.99300 0.20700 0.82300 0.13600 0.53517   0   0 bad
0434-218-51885 1.02500 19.17 0.52865   C    M 1.35400 0.27000 0.86800 0.11700 0.27398   0   0 unsure
0402-271-51793 2.09940 19.39 1.99250   C    M 4.63900 0.79000 3.54300 0.72700 0.03510   1   1 bad
1598-020-53033 1.97410 18.83 1.00081   C    M 2.98500 0.56500 1.10100 0.27700 0.37684   0   0 bad
1313-040-52790 1.33120 18.57 0.45423   D    M 2.35500 0.44900 1.81300 0.50200 0.43975   0   0 bad
0386-118-51788 1.80760 18.98 1.23564   B    M 1.52100 0.32600 2.30000 0.36600 0.22393   1   1 bad
1276-393-53035 1.82940 16.69 0.50238   B    M 0.96200 0.09000 0.62200 0.09300 0.56014   1   1 unsure
1456-001-53115 1.98230 18.83 1.79867   D    M 2.83300 0.58400 1.79800 0.53000 0.06345   0   0 bad
0513-510-51989 2.03440 19.16 2.01137   A  MCF 4.29400 0.61100 3.43700 0.42100 0.00763   0   0 good
0560-158-52296 3.66440 19.41 1.49342   C    M 9.16600 1.14900 4.63300 0.72800 0.55550   1   1 bad
0841-087-52375 3.16570 18.61 1.18838   E    M 1.62000 0.27600 2.53700 0.34100 0.56743   1   1 bad
0776-507-52319 3.08980 18.17 1.18626   A   MF 6.58100 0.78100 5.16800 0.56500 0.55550   1   1 good
1203-006-52669 3.48360 19.51 1.31077   C    M 3.52100 0.61100 1.42700 0.28700 0.58026   0   0 bad
0950-543-52378 1.50250 18.98 1.31593   C    M 1.10900 0.27400 1.64400 0.34000 0.07733   0   0 unsure
0455-634-51909 1.71000 18.86 1.48467   D    M 1.13400 0.26200 0.62100 0.17400 0.08658   0   0 bad
0958-612-52410 1.37270 18.66 0.74623   C    M 1.28400 0.24600 1.02700 0.23000 0.29729   0   0 good
1011-630-52652 2.58220 19.03 0.78403   D    M 0.83400 0.16200 0.98800 0.28300 0.60252   0   0 bad
0820-144-52438 2.23620 19.20 0.79156   C    M 1.02900 0.15900 0.61800 0.15000 0.53084   0   0 bad
0363-343-51989 2.09370 19.14 1.00126   D    M 0.57900 0.10700 0.65900 0.20600 0.40999   0   0 bad
0889-348-52663 1.77190 19.00 1.76273   A  MCF 7.32500 0.81000 5.54000 0.51700 0.00333   0   0 good
1442-142-53050 1.91490 18.97 0.40735   D    M 1.83900 0.43400 0.82600 0.22000 0.62191   0   0 unsure
0738-618-52521 1.54740 18.84 1.42275   D    M 0.75100 0.13300 0.73400 0.24500 0.05012   0   0 bad
0592-443-52025 1.17220 18.72 1.13466  C*    M 2.95700 0.42800 2.00500 0.53000 0.01743   0   0 good
1601-381-53115 1.66500 18.88 0.47107   C    M 3.12000 0.47500 1.29300 0.29700 0.53292   0   0 unsure
1273-348-52993 0.57490 17.84 0.46765   C    M 0.45100 0.09200 0.40800 0.09100 0.07040   0   0 good
0290-031-51941 1.37450 18.45 1.37581   A    M 4.24400 0.22100 3.10200 0.17500 -0.00057   0   0 good
0864-149-52320 1.22530 16.24 0.47088  C*    M 6.81900 0.17800 7.42000 0.23400 0.39190   1   1 bad
1382-405-53115 0.92210 18.33 0.90174   C    M 0.80700 0.15500 0.78300 0.16800 0.01065   0   0 good
0648-287-52559 2.01420 18.47 1.77680   C    M 2.49700 0.57400 3.35200 0.55500 0.08186   0   0 bad
0784-203-52327 1.92400 19.48 0.58689   D    M 1.17000 0.26500 0.96700 0.30000 0.54496   0   0 bad
0453-378-51915 1.97440 19.63 0.36905   D    M 4.40000 0.79300 2.63500 0.75000 0.65037   0   0 bad
0606-321-52365 2.01810 18.57 0.85562   C    M 2.80700 0.58400 2.75200 0.60700 0.45136   0   0 unsure
0971-389-52644 3.50100 17.42 1.05681  E*    M 1.57500 0.20400 0.58600 0.19000 0.65451   0   0 bad
0664-093-52174 2.14770 17.09 2.15658   A    C 2.58700 0.61400 2.26800 0.22200 -0.00282   0   0 good
1462-033-53112 1.92700 18.49 0.97849  C*    M 0.76100 0.16300 0.63900 0.20300 0.37277   0   0 good
1605-322-53062 3.63220 18.36 1.62191   C    M 1.09400 0.20900 1.15600 0.26300 0.51473   0   0 bad
0861-583-52318 0.98680 17.79 0.97816   D    M 0.58100 0.11600 0.26600 0.07300 0.00434   0   0 bad
0919-531-52409 1.83270 19.09 1.60181   D    M 2.95700 0.32900 1.45200 0.43600 0.08483   0   0 bad
1240-600-52734 2.20070 18.67 1.14480   D    M 1.01600 0.20800 0.75100 0.20600 0.38023   0   0 unsure
0428-336-51883 2.10770 19.24 0.70139   C    M 3.87300 0.67100 3.24100 0.47100 0.53878   1   1 bad
0982-026-52466 1.67430 18.64 1.50834   D    M 0.91600 0.18700 0.85300 0.27500 0.06399   0   0 bad
1436-263-53054 2.38660 18.72 1.79675   C    M 2.99600 0.43300 3.20000 0.31100 0.18905   0   0 bad
0528-354-52022 2.17340 18.43 1.44461   C    M 1.29900 0.30300 1.01200 0.20300 0.25516   0   0 bad
1274-560-52995 1.77910 17.95 1.28226   D    M 0.34500 0.05700 0.20800 0.05800 0.19445   0   0 bad
1446-339-53080 2.04200 19.01 1.80234   E    M 5.49200 0.33800 4.56800 0.64000 0.08187   0   0 bad
1324-180-53088 3.27510 19.05 1.41157   C    M 2.26000 0.30700 2.68700 0.41300 0.51722   1   1 good
1014-347-52707 2.93320 18.18 1.16264   E    M 6.84800 0.83800 5.50500 0.36500 0.53571   1   1 bad
0515-223-52051 2.40910 18.49 0.50522  C*    M 4.67800 0.18200 1.17000 0.11900 0.67371   1   1 bad
0537-146-52027 2.01050 18.91 1.97739   A  MCF 7.11900 0.50100 4.49500 1.24400 0.01106   0   0 good
0786-268-52319 1.65870 18.49 1.29911   D    M 0.35000 0.07100 0.37800 0.11900 0.14432   0   0 bad
1682-016-53173 2.96200 19.34 2.17398  C*    C 11.46900 2.33200 3.28900 0.91600 0.21820   0   0 bad
0598-087-52316 2.90150 17.71 1.11904   D    M 0.30100 0.07200 0.34400 0.10100 0.54441   0   0 bad
0912-003-52427 2.28690 19.09 2.25197   A   CF 9.64400 1.45600 8.28600 1.41700 0.01068   0   0 bad
0829-360-52296 2.76210 19.01 0.85848   D    M 1.56500 0.29900 0.80200 0.24100 0.60768   1   1 bad
0737-523-52518 1.67000 18.49 1.66324   A   MF 3.61600 0.16300 4.07300 0.15800 0.00253   0   0 good
0734-344-52224 2.26220 18.99 0.44771   C    M 2.07500 0.48500 2.50900 0.52300 0.67093   0   0 unsure
0568-275-52254 2.15830 19.03 1.79085   E    M 10.26800 0.68100 3.99600 0.65800 0.12305   0   0 bad
1457-632-53116 2.18460 18.25 2.16760   A   CF 5.70500 0.53200 9.20500 1.10000 0.00534   0   0 good
0501-562-52235 0.90750 18.64 0.63547   D    M 0.97200 0.15700 0.60200 0.17100 0.15267   0   0 good
1284-616-52736 2.17790 19.47 1.75107   E    M 5.67200 0.82800 8.86900 0.80100 0.14323   0   0 bad
1610-013-53144 1.86620 18.91 1.26597   D    M 0.90000 0.21400 0.71500 0.23400 0.23076   0   0 bad
0515-360-52051 1.31290 18.52 1.31652   C    M 2.72800 0.15500 2.19000 0.18100 -0.00158   0   0 good
0407-105-51820 2.50120 18.67 1.83980   D    M 2.46900 0.27600 2.19200 0.57700 0.20636   0   0 bad
0922-258-52426 2.20430 17.71 0.71058   C    M 5.73300 0.38300 6.46500 0.37200 0.55645   1   1 bad
0283-240-51959 2.90540 19.49 1.44680  C*   MF 2.15300 0.29700 10.52100 0.47200 0.43624   0   0 bad
1169-224-52753 3.69120 19.36 1.36183   C    M 2.14600 0.51200 1.79500 0.43600 0.59556   0   0 bad
0639-358-52146 2.03050 19.17 1.60807   D    M 2.02000 0.43500 2.67300 0.67900 0.14901   0   0 bad
0491-002-51942 1.47260 18.95 1.12809   C    M 1.73700 0.30600 2.26600 0.47600 0.14891   0   0 good
0989-289-52468 2.29850 19.11 1.80260   D    M 2.52100 0.61000 2.59800 0.84800 0.16149   0   0 bad
0455-016-51909 1.41130 19.17 0.93984   D    M 0.65500 0.13400 1.00400 0.32300 0.21421   0   0 bad
1226-375-52734 0.93550 18.82 0.66384   C    M 4.67300 0.40000 2.34100 0.31600 0.15009   0   0 bad
0653-212-52145 1.05790 19.09 0.99953   D    M 1.11500 0.19700 0.71700 0.20700 0.02878   0   0 bad
1287-291-52728 1.56120 17.30 0.41805   C    M 0.43500 0.08600 0.18800 0.04000 0.53075   0   0 good
0950-037-52378 2.94670 19.43 0.73629   C    M 7.74300 0.35600 4.84000 0.33200 0.67568   1   1 bad
0646-628-52523 2.12540 17.57 0.37804   D    M 1.87100 0.16300 0.42700 0.13700 0.67448   0   0 bad
0532-135-51993 1.64830 19.39 1.60455   C    M 6.97100 0.98400 3.15500 0.66900 0.01666   1   1 bad
0733-537-52207 2.11250 19.24 1.00020   C    M 6.56800 0.45400 2.18600 0.51300 0.41545   0   0 bad
0723-587-52201 1.03820 17.82 0.91855   D    M 0.42400 0.08500 0.23200 0.07200 0.06040   0   0 bad
0434-479-51885 1.59280 19.07 0.85969  C*    M 1.01500 0.21800 0.97100 0.28100 0.32060   0   0 good
1396-319-53112 1.89470 18.44 1.47565   B    M 1.05400 0.26100 1.22100 0.29700 0.15512   0   0 good
0765-218-52254 1.00390 19.09 0.43292   C    M 0.59300 0.11100 0.94300 0.22200 0.32337   0   0 unsure
0282-535-51658 3.43390 17.90 1.47733   D    M 0.24500 0.05300 0.39400 0.12500 0.52420   1   1 bad
0852-390-52375 1.43280 17.05 1.02662   D    M 0.76800 0.14900 0.24500 0.07400 0.18068   0   0 bad
0453-529-51915 2.05850 19.50 0.37119   D    M 2.72800 0.49000 1.28700 0.41000 0.66529   0   0 bad
0890-322-52583 3.98710 19.60 1.42457  C*    M 1.86900 0.44900 1.35600 0.44300 0.61766   0   0 unsure
0880-567-52367 1.88820 18.88 0.40739   C    M 2.09300 0.39900 1.98700 0.34500 0.61623   0   0 unsure
0274-106-51913 1.97660 17.93 0.46993   D    M 0.36400 0.08100 0.17600 0.05700 0.60790   0   0 bad
0543-459-52017 1.75800 18.54 0.53099   D    M 0.43400 0.10500 0.34600 0.10500 0.52889   0   0 bad
1286-521-52725 2.30520 18.72 0.80931   E    M 1.36900 0.22800 1.28200 0.27100 0.53887   1   1 bad
1002-297-52646 2.24000 18.84 0.79676   D    M 7.81700 0.26400 1.41900 0.15600 0.52960   1   1 bad
1435-446-52996 2.15770 18.08 0.71975  C*    M 8.80900 0.17500 9.91200 0.17600 0.54247   1   1 bad
0907-018-52373 1.95000 18.70 0.88494   C    M 1.79900 0.43700 2.51200 0.47900 0.42019   0   0 bad
0732-193-52221 3.92600 19.24 1.81709   B    M 3.60400 0.80800 3.08800 0.75600 0.50710   0   0 bad
0272-501-51941 1.89410 18.11 1.79573   C    M 1.83300 0.20600 2.18800 0.17800 0.03455   1   1 bad
1427-240-52996 1.56660 18.34 1.31467   E    M 0.85500 0.06800 2.30400 0.14700 0.10296   0   0 bad
0302-619-51688 2.26760 17.99 0.77185   E    M 1.88400 0.19700 0.57700 0.13100 0.54556   0   0 bad
1414-410-53135 1.80140 19.08 1.79319   A  MCF 5.06200 0.43800 5.42400 0.34500 0.00293   0   0 good
1392-611-52822 1.52930 18.79 1.05032   C    M 1.32400 0.21000 1.08900 0.20600 0.20691   0   0 unsure
1378-344-53061 1.27740 19.10 0.39669   D    M 2.56200 0.44000 1.52000 0.41100 0.45338   0   0 unsure
1370-309-53090 1.35880 18.98 1.20598   D    M 1.05400 0.22800 1.29300 0.32900 0.06687   0   0 bad
0763-116-52235 2.58100 19.10 0.58138   C    M 2.86800 0.23600 0.95300 0.18000 0.67362   1   1 bad
0309-592-51994 2.77160 18.83 0.95078   C    M 0.99700 0.24600 1.58200 0.37600 0.57788   0   0 unsure
1385-405-53108 2.86520 19.05 0.96743   D    M 1.91900 0.34600 1.07200 0.31100 0.58845   1   1 bad
1416-318-52875 2.78770 18.35 1.82420   C    M 1.86000 0.41500 2.74000 0.41100 0.28538   0   0 bad
1748-351-53112 2.55230 18.70 1.78380   B    M 1.55900 0.34100 2.45400 0.52400 0.23905   0   0 bad
1043-313-52465 1.71940 19.49 1.14319   C    M 4.69800 0.62400 4.72600 0.76800 0.23370   1   1 unsure
0928-311-52578 3.10470 18.67 1.92486   C    M 2.74100 0.52500 4.22000 0.89400 0.32647   0   0 bad
1350-582-52786 1.86580 18.85 1.20682   A   MF 1.70200 0.32100 2.12200 0.43000 0.25549   0   0 good
0615-115-52347 1.13100 18.97 0.74050   D    M 1.39500 0.33100 1.81100 0.56300 0.19969   0   0 bad
1044-362-52468 1.29910 18.73 0.53577   D    M 0.87600 0.19100 0.50600 0.15300 0.38293   0   0 unsure
1237-343-52762 2.24270 18.58 0.65827   D    M 2.65900 0.52500 1.06600 0.34700 0.58541   0   0 bad
1048-534-52736 1.95270 18.85 0.43118   D    M 1.45800 0.31300 1.36500 0.38500 0.61952   0   0 bad
0352-310-51789 2.40720 17.29 0.59769  E*    M 1.05300 0.18100 0.81300 0.19600 0.63951   1   1 bad
0835-312-52326 1.99720 18.11 0.63112   C    M 7.31500 0.37300 7.31500 0.20700 0.54300   1   1 bad
0760-033-52264 1.23220 18.12 0.83095   E    M 0.27800 0.06500 0.95200 0.23000 0.19559   0   0 bad
0659-533-52199 0.86400 19.51 0.86901   B    M 4.31500 0.38800 2.71900 0.33500 -0.00271   0   0 good
0984-324-52442 1.61970 19.22 1.06539   D    M 3.10500 0.63900 1.80800 0.46400 0.23337   0   0 bad
0890-286-52583 1.47460 18.40 0.37435   D    M 1.60300 0.30200 0.73500 0.23700 0.52853   0   0 bad
0878-380-52353 2.41890 18.68 1.85648   C    M 3.92400 0.64400 5.34800 0.53800 0.17783   0   0 bad
0294-617-51986 1.59950 19.02 0.93977   D    M 1.64000 0.36700 1.87200 0.50000 0.28468   0   0 bad
1190-180-52670 2.29570 18.91 1.79248   D    M 2.18000 0.42000 13.19500 1.11900 0.16420   0   0 bad
0913-625-52433 2.22480 19.10 1.60696   C    M 3.98200 0.60400 2.13300 0.43700 0.20954   0   0 unsure
0312-434-51689 2.21790 17.38 0.73924   B   MF 1.99800 0.26700 1.19800 0.21600 0.54783   1   1 bad
0659-100-52199 1.47490 18.35 1.00590   C    M 0.82700 0.19100 1.00500 0.23900 0.20708   0   0 unsure
1779-182-53089 1.90500 18.45 1.89296   A   MC 2.93300 0.34800 0.96300 0.21700 0.00416   1   1 good
1286-126-52725 0.56770 18.68 0.42815   D    M 1.00900 0.22900 1.64300 0.45900 0.09295   0   0 bad
0470-622-51929 2.18440 18.78 0.75431   C    M 1.92000 0.26400 1.19800 0.20500 0.53434   0   0 bad
0795-495-52378 1.26650 19.00 0.55735   C    M 0.87100 0.17500 0.73500 0.16500 0.35858   0   0 good
0939-281-52636 1.98050 18.54 1.14049   A    M 0.85800 0.19700 1.05500 0.20100 0.31947   0   0 good
1757-552-53083 1.77520 18.81 1.60652   C    M 2.59300 0.41100 2.40200 0.43300 0.06264   0   0 bad
1042-286-52725 2.01300 19.19 0.60667   D    M 2.40100 0.52800 0.99800 0.31200 0.55721   0   0 bad
0982-026-52466 1.67430 18.64 1.50887   D    M 0.77400 0.19300 0.85300 0.27500 0.06378   0   0 bad
0935-383-52643 3.00840 18.84 1.79395   C    M 3.90000 0.50400 4.89700 0.87100 0.34604   0   0 bad
0519-009-52283 1.96040 19.08 1.36279   D    M 1.21500 0.27500 1.13500 0.35900 0.22172   1   1 bad
1212-310-52703 3.10440 17.38 1.62172   C    M 2.22300 0.31700 0.99100 0.19400 0.42043   0   0 bad
0510-523-52381 1.79860 18.07 1.79365   A   MC 1.64900 0.19400 0.81300 0.14000 0.00176   0   0 good
1284-616-52736 2.17790 19.47 0.49500  C*    M 2.11800 0.51300 1.17100 0.35200 0.63758   0   0 bad
0759-319-52254 1.74080 19.02 0.69852   D    M 2.48300 0.46100 0.62200 0.18200 0.44504   0   0 bad
0611-631-52055 2.18740 17.71 2.00037   D    M 2.33700 0.56400 2.10400 0.61500 0.06039   0   0 bad
0568-545-52254 2.20710 18.33 1.58665   B    C 1.68400 0.33900 1.17000 0.23400 0.21174   0   0 good
0310-305-51990 1.92600 18.66 0.43841   D    M 1.33500 0.25600 0.61000 0.19300 0.61073   1   1 bad
1267-142-52932 2.24110 19.11 1.98029   B    M 7.51100 0.63800 3.71200 0.54800 0.08371   0   0 bad
1209-215-52674 1.97460 18.95 0.62378   C    M 6.87900 0.49300 7.73100 0.49600 0.54084   1   1 bad
0904-619-52381 1.86710 19.05 1.23387   C    M 1.86300 0.28200 1.40200 0.21000 0.24452   0   0 bad
0617-178-52072 1.85380 19.04 1.54949   B    M 1.58900 0.37700 1.64900 0.37700 0.11229   1   1 unsure
1605-475-53062 1.60240 18.63 1.06793   D    M 0.78500 0.16100 1.15500 0.31100 0.22592   0   0 bad
1292-158-52736 3.06580 19.28 1.06850   B    M 3.84600 0.56900 3.51400 0.62800 0.58878   0   0 good
0895-507-52581 2.85030 18.10 1.14755   C    M 0.60100 0.13900 0.36400 0.08800 0.52544   1   1 good
0494-379-51915 1.36670 18.19 0.61746   D    M 0.69400 0.11400 0.54500 0.14600 0.36326   0   0 bad
0619-290-52056 1.78600 18.95 0.72023   D    M 1.13000 0.23600 1.43100 0.37900 0.44797   0   0 bad
0338-250-51694 2.97600 18.84 1.97126   D    M 3.89700 0.55700 5.35200 0.44700 0.28333   0   0 bad
0524-417-52027 1.80580 19.16 0.89787   D    M 2.82300 0.37000 0.81800 0.26700 0.37217   0   0 bad
1190-213-52670 1.73500 19.05 0.95003  C*    M 1.94600 0.38100 1.36200 0.40600 0.32594   0   0 bad
1733-432-53047 2.48390 18.72 0.84780   D    M 0.53900 0.12800 0.58700 0.17400 0.56090   0   0 bad
0451-177-51908 1.72630 19.08 1.74085   A    C 1.55400 0.25700 0.59600 0.16000 -0.00532   1   1 bad
0960-018-52425 2.47900 18.54 0.72392   D    M 2.13800 0.38200 1.29700 0.36200 0.60574   0   0 bad
0300-300-51943 1.45390 18.79 1.38888   D    M 0.39700 0.08200 0.58500 0.15100 0.02686   0   0 bad
0918-311-52404 1.70760 18.47 1.33972  C*    M 1.19000 0.26400 0.91000 0.25100 0.14499   0   0 good
0844-028-52378 1.73610 17.64 0.37136  D*    M 0.84000 0.20500 0.52400 0.15300 0.59846   0   0 bad
0726-139-52226 1.52670 18.84 0.41837   D    M 0.65400 0.11600 0.87100 0.27800 0.52078   0   0 bad
0432-052-51884 2.10530 18.34 1.85457   D    M 2.44800 0.42500 2.36100 0.68500 0.08400   0   0 bad
1612-320-53149 1.07570 19.14 0.86060   C    M 1.56500 0.24700 0.97900 0.17000 0.10897   0   0 bad
0538-405-52029 2.51830 19.16 1.79365   D    M 4.37500 0.67500 1.75200 0.58400 0.22662   0   0 bad
1362-630-53050 1.89130 18.74 1.18758  C*    M 0.51000 0.11300 2.55800 0.41400 0.27191   0   0 bad
0978-553-52441 1.87410 17.94 0.80894   E    M 0.73900 0.13400 5.23800 0.25000 0.43253   1   1 bad
1733-045-53047 2.03440 19.11 1.23825   D    M 2.26300 0.45100 0.82200 0.23600 0.29525   0   0 bad
0381-189-51811 2.07420 19.49 1.47135   B    M 1.83700 0.26200 1.57500 0.28000 0.21488   0   0 bad
0724-183-52254 2.11990 18.38 1.78329   C    C 2.09800 0.35300 2.10700 0.35400 0.11366   0   0 bad  
0896-581-52592 1.57580 18.90 0.64937   D    M 1.40200 0.29000 0.72800 0.21400 0.41842   0   0 bad  
0339-428-51692 1.99600 19.32 1.62146   D    M 7.04600 1.46700 3.88300 1.22200 0.13277   0   0 bad  
1459-319-53117 1.48620 19.05 0.44525   C    M 1.68900 0.34100 1.61300 0.36100 0.49487   0   0 unsure  
0728-616-52520 1.07940 18.60 0.98653   C    M 1.00800 0.24800 1.52200 0.24800 0.04568   0   0 bad  
0484-187-51907 1.79530 18.99 1.78253   A    M 4.68900 0.58600 3.22200 0.65100 0.00458   0   0 good  
0879-054-52365 2.18170 18.87 0.74192   E    M 1.14700 0.20600 3.78800 0.29400 0.53877   1   1 bad  
0651-188-52141 1.57860 19.20 1.45583   D    M 1.39900 0.31400 1.11600 0.31600 0.04875   0   0 bad  
1408-106-52822 0.73510 18.90 0.71819   C    M 3.38500 0.39700 2.35600 0.30500 0.00982   0   0 good  
1281-011-52753 2.20130 18.41 1.48463   D    M 0.93800 0.19200 0.64300 0.17100 0.24813   0   0 bad  
0602-496-52072 2.43670 18.72 1.28320   B   MF 1.42700 0.21500 0.50400 0.16700 0.38756   0   0 good  
1288-347-52731 4.03470 19.60 1.28711   D    M 2.63900 0.61200 1.39100 0.45200 0.65787   0   0 bad  
0737-011-52518 0.97830 18.80 0.96365   C    M 1.28000 0.31600 0.96800 0.22500 0.00745   0   0 good  
1466-638-53083 3.64760 19.37 1.74779   C    M 3.09900 0.46700 3.41600 0.84000 0.48198   0   0 bad  
0538-434-52029 3.92580 18.69 1.98315   D    M 7.97800 1.31300 1.98400 0.63700 0.46330   0   0 bad  
1464-229-53091 1.84540 18.69 0.56647   D    M 0.50800 0.12500 0.73100 0.19800 0.53481   0   0 bad  
1770-160-53171 4.08300 18.93 1.45197   C    M 7.22300 0.44500 4.92600 0.56700 0.62246   1   1 bad  
0917-200-52400 1.95640 18.44 1.93478   A    C 1.16100 0.19200 0.93600 0.25500 0.00734   0   0 good  
1186-581-52646 2.14200 18.97 1.83517   E    M 2.31600 0.49300 2.30100 0.39700 0.10241   0   0 bad  
1316-337-52790 2.57380 18.78 1.39195   E    M 1.08600 0.22500 0.77200 0.19500 0.38124   0   0 bad  
0873-309-52674 2.59100 18.40 2.10125   A   CF 2.91700 0.39400 2.88000 0.57000 0.14559   0   0 good  
0656-081-52148 1.27470 18.86 0.99109   C    M 1.55400 0.35300 2.28200 0.35100 0.13236   0   0 bad  
1335-366-52824 3.22420 19.05 2.01032   C    M 8.24400 0.56900 3.60600 0.38600 0.32639   0   0 bad  
0278-595-51900 1.43430 18.39 1.42359   B    M 2.81700 0.18300 1.60600 0.15200 0.00442   0   0 good  
0630-640-52050 2.68060 19.45 1.09502   D    M 3.74800 0.71300 2.24100 0.57200 0.51057   0   0 bad  
1743-258-53054 2.49500 18.68 0.98551   C    M 1.08800 0.22900 0.77300 0.19600 0.51202   0   0 bad  
1386-536-53116 1.35020 18.83 1.34488   C    M 3.10400 0.27900 1.41000 0.20900 0.00226   0   0 good  
0770-573-52282 1.38940 18.94 1.20764   D    M 0.73100 0.11300 0.62100 0.18600 0.07894   0   0 bad  
0504-009-52316 1.43900 19.24 0.99196  C*    M 4.52500 0.42500 4.20400 1.12800 0.19976   0   0 bad  
0972-261-52435 1.99340 18.95 0.64955   E    M 4.76600 0.36800 2.65400 0.23400 0.53414   1   1 bad  
1736-637-53052 2.18300 19.16 0.82608   B    M 10.66700 1.56500 8.26100 1.36200 0.50474   1   1 bad  
1276-050-53035 2.84210 19.06 1.47332   D    M 2.24700 0.55000 1.08400 0.36000 0.41402   1   1 bad  
0380-180-51792 1.97520 19.05 0.64461   E    M 1.64800 0.17200 1.82100 0.24700 0.53191   0   0 bad  
1372-569-53062 0.47290 19.00 0.47593   D    M 2.43400 0.20900 0.92100 0.28100 -0.00204   0   0 bad  
0770-607-52282 1.77520 18.97 1.51428  C*    M 2.38500 0.52100 1.42000 0.29800 0.09842   0   0 bad  
0358-027-51818 1.07330 18.91 0.40739   D    M 1.56000 0.36000 1.44600 0.42000 0.36912   0   0 bad  
1384-137-53121 2.01830 19.10 0.42326   D    M 1.27000 0.19100 1.08300 0.35500 0.63619   0   0 bad  
1211-502-52964 1.39160 18.65 1.38904   A   MF 5.14800 0.21000 4.86600 0.17400 0.00108   0   0 good  
0882-501-52370 2.19410 19.04 0.76367   C    M 3.31100 0.71000 0.97100 0.21000 0.53270   1   1 bad  
1310-129-53033 1.14870 18.22 0.41144   C    M 1.01200 0.15100 1.29000 0.22300 0.39715   0   0 good  
1448-106-53120 2.19410 19.05 1.62168   D    M 2.44300 0.54600 1.80300 0.47000 0.19495   0   0 bad  
1272-064-52989 2.30850 18.73 2.01295   E    M 6.34000 0.63500 4.55300 0.48800 0.09331   0   0 bad  
1294-473-52753 1.99940 19.13 0.54126   E    M 1.62200 0.37500 1.07300 0.26700 0.58222   0   0 bad  
0399-308-51817 2.39120 19.06 1.51078   B    M 0.70300 0.12500 0.68200 0.13400 0.29185   0   0 bad  
0450-538-51908 2.00750 18.74 0.64152   C    M 0.77900 0.14000 0.97100 0.14700 0.54095   1   1 bad  
0999-165-52636 1.29730 19.03 1.28378   D    M 0.55500 0.10200 0.47400 0.13900 0.00590   0   0 bad  
1704-638-53178 2.21640 17.30 2.01070   C    M 1.22800 0.13000 0.37400 0.08700 0.06600   0   0 bad  
1055-459-52761 3.15790 17.91 1.30492   E    M 11.25200 0.10200 9.05900 0.11000 0.52987   0   0 bad  
1366-289-53063 1.29710 17.65 0.48452   D    M 0.37600 0.05600 0.44500 0.13500 0.41078   0   0 bad  
1591-333-52976 2.07210 19.11 1.80339   A    C 9.26200 0.57500 11.69400 1.20300 0.09129   0   0 good  
0862-301-52325 2.42790 18.84 0.97282   D    M 1.35700 0.32000 1.23300 0.39400 0.50239   0   0 bad  
0269-031-51910 2.55580 19.41 0.91674   C    M 2.99700 0.47200 3.57000 0.65100 0.54971   0   0 unsure  
0596-272-52370 2.08590 19.35 1.30256   D    M 1.47300 0.36000 2.14000 0.69700 0.28474   0   0 bad  
1170-455-52756 2.39700 18.63 0.86203  C*    M 6.72700 0.47300 6.42100 0.32400 0.53791   1   1 bad  
0548-627-51986 1.98140 19.08 1.27207   B    M 1.41600 0.26800 0.79500 0.14500 0.26522   1   1 bad  
1264-568-52707 2.00690 18.87 1.76921   E    M 1.59200 0.34600 2.22900 0.50900 0.08216   0   0 bad  
0509-029-52374 1.16700 19.00 0.99775   D    M 3.40100 0.56200 1.81100 0.56700 0.08115   0   0 bad  
0334-629-51993 3.90370 19.35 1.46701   D    M 1.79200 0.28900 0.83800 0.26000 0.59604   0   0 bad  
1290-171-52734 0.83030 19.20 0.59365   D    M 0.90100 0.12800 1.25000 0.39900 0.13756   0   0 bad  
0302-120-51688 1.49440 18.37 1.48819   A   MF 3.17600 0.18400 2.48900 0.17500 0.00249   0   0 good  
0788-150-52338 2.02540 18.23 2.00536   A   MC 3.36800 0.57000 3.14700 0.24800 0.00665   0   0 good  
0450-093-51908 3.76450 19.60 1.36415   E    M 1.37700 0.31400 3.57400 0.46000 0.60485   1   1 bad  
1323-637-52797 1.68490 19.28 1.50330   D    M 1.04100 0.23900 1.69700 0.51700 0.06993   0   0 bad  
1158-521-52668 0.79060 19.02 0.78921   C    M 3.31800 0.23600 2.57800 0.23600 0.00080   1   1 good  
0339-474-51692 3.09280 18.96 1.44461  C*    M 0.99100 0.23400 1.96500 0.37300 0.47409   0   0 bad  
1603-179-53119 1.71730 17.84 1.71356   A   MF 6.75200 0.19500 6.14800 0.33800 0.00139   0   0 good  
1211-592-52964 2.07800 18.19 2.01878   A   MC 2.35200 0.45100 1.55400 0.35500 0.01941   0   0 good  
0313-319-51673 1.31900 18.86 0.89861   D    M 0.91500 0.15500 0.49800 0.13100 0.19739   0   0 bad  
1264-296-52707 2.94190 18.91 1.96961   C    M 4.84900 0.87000 5.62600 0.55800 0.27590   0   0 bad  
0755-592-52235 2.18370 19.14 1.60339   E    M 3.04600 0.56600 4.20700 0.73900 0.19857   0   0 bad  
1382-482-53115 1.41440 18.06 1.39050   A   MF 11.15900 0.96000 6.49400 0.80700 0.00993   1   1 good  
0547-284-52207 1.28160 18.48 0.49848   C    M 0.68700 0.16100 0.25000 0.05300 0.39728   0   0 unsure  
0276-003-51909 1.95810 18.65 0.98568  C*    M 1.03600 0.25400 1.02400 0.32700 0.37873   0   0 bad  
1308-463-53053 2.11900 18.85 0.99582   A   MF 1.52100 0.33200 1.70600 0.25400 0.41897   0   0 good  
0541-054-51959 1.56840 19.07 1.48734   C    M 0.88600 0.20600 0.57700 0.15300 0.03207   1   1 bad  
0464-231-51908 1.95490 18.95 1.85861   C    M 2.62500 0.56800 2.53800 0.50200 0.03312   0   0 bad  
1236-355-52751 2.02230 19.15 1.77766   C    M 5.94800 0.90200 4.56500 0.88500 0.08422   0   0 bad  
1018-011-52672 1.29300 19.05 1.26883   A    M 1.44400 0.21500 1.44400 0.27900 0.01059   0   0 good  
0309-156-51994 1.40690 19.07 0.42904   D    M 0.76700 0.18400 0.92100 0.26700 0.47874   0   0 bad  
0859-009-52317 1.84970 18.87 0.59289   D    M 0.74600 0.15700 1.44600 0.44300 0.52389   1   1 bad  
0507-387-52353 2.07810 19.09 2.06721   A    C 3.22300 0.75600 2.34400 0.53700 0.00353   0   0 good  
0519-021-52283 1.91890 18.54 0.63505   C    M 1.41200 0.15400 1.19100 0.18300 0.52232   0   0 good  
0300-465-51943 3.61030 19.34 1.32455   C    M 1.17900 0.19600 1.78000 0.38100 0.59461   1   1 bad  
0983-311-52443 1.67690 18.92 0.51319   D    M 1.40800 0.34200 1.53900 0.49800 0.51568   0   0 bad  
1606-001-53055 0.84500 18.81 0.67464   D    M 0.49100 0.09300 0.75000 0.22900 0.09659   0   0 bad  
0786-383-52319 1.63290 19.38 0.55359   D    M 1.82900 0.44600 1.23200 0.35000 0.48349   0   0 bad  
0830-614-52293 1.75250 18.93 1.63266   C    M 2.47900 0.49600 3.63300 0.86800 0.04449   0   0 bad  
1742-624-53053 1.28740 19.04 1.26740   E    M 5.12000 0.43400 8.53900 0.41100 0.00878   1   1 unsure  
0833-501-52314 2.23380 18.87 1.27781  C*    M 1.93100 0.23700 0.79900 0.24200 0.33678   0   0 good  
0515-041-52051 1.18880 18.99 0.57817   D    M 3.41200 0.62600 1.67800 0.44900 0.31588   0   0 unsure  
0753-500-52233 2.01310 19.06 0.59671   D    M 1.30000 0.27900 1.17800 0.31900 0.56149   0   0 unsure  
1323-164-52797 1.84870 18.16 0.98989   D    M 0.63900 0.15200 3.20700 1.00600 0.34415   0   0 bad  
0942-187-52703 1.46860 17.53 0.87555   B    M 1.28200 0.26100 0.88300 0.20600 0.26802   1   1 bad  
0939-125-52636 1.86110 18.89 1.80642  C*    M 2.65500 0.40400 3.14300 0.52000 0.01928   1   1 bad  
0481-409-51908 2.38050 18.38 0.49977   C    M 2.01800 0.12500 0.64000 0.15700 0.67108   0   0 bad  
0882-268-52370 0.56470 18.02 0.56699   D    M 1.77000 0.22300 0.60600 0.15900 -0.00149   0   0 bad  
0852-581-52375 1.78900 17.18 0.54576  C*    M 0.40700 0.08800 0.50700 0.05700 0.53003   0   0 unsure  
1434-283-53053 2.21150 17.48 1.71993   A   MC 1.41200 0.32300 1.20100 0.23800 0.16463   1   1 good  
0495-002-51988 1.80380 19.16 1.18643   C    M 1.62500 0.34400 2.40100 0.47400 0.24370   0   0 bad  
0726-066-52226 2.14790 18.97 1.78228   A   MC 5.59000 0.77300 6.31300 0.81800 0.12283   0   0 good  
1408-374-52822 1.75150 18.88 0.42689   D    M 6.54600 1.32900 3.74300 1.06000 0.57613   0   0 bad  
1733-045-53047 2.03440 19.11 0.84430   B   MF 1.31700 0.32200 1.18900 0.34400 0.46047   0   0 good  
0891-540-52584 1.65690 18.75 0.45825   C    M 1.10700 0.26600 1.28900 0.28300 0.53700   1   1 bad  
0340-514-51990 2.17940 19.00 1.63401   D    M 1.72700 0.39600 1.27500 0.33100 0.18599   1   1 good  
1319-163-52791 3.71740 19.46 1.54225  C*    M 1.88300 0.33500 8.37700 0.62600 0.54989   0   0 bad  
0457-488-51901 1.07340 19.22 0.77743   D    M 1.92900 0.44100 1.37900 0.37600 0.15282   0   0 bad  
0890-174-52583 1.85260 19.19 0.57526   E    M 2.67600 0.35100 2.69800 0.29500 0.53263   0   0 bad  
0450-113-51908 2.38310 19.00 1.84773   C    M 2.83100 0.52800 1.75100 0.43900 0.17059   0   0 bad  
0759-319-52254 1.74080 19.02 1.45518   B    M 2.75100 0.44000 1.76100 0.42900 0.10961   0   0 bad  
0862-236-52325 1.77940 19.44 0.42907   D    M 2.81600 0.55800 2.47000 0.64700 0.58181   0   0 bad  
0770-327-52282 2.06050 18.62 0.47680   D    M 0.69300 0.12600 0.68100 0.19400 0.62228   0   0 bad  
0541-187-51959 1.99200 19.55 1.79825   A    M 3.84300 0.64700 1.83500 0.44000 0.06684   0   0 unsure  
0526-380-52312 2.36120 19.02 1.78424   E    M 2.81800 0.45000 2.69800 0.31200 0.18612   0   0 bad  
0972-075-52435 2.15130 18.41 1.11680   D    M 0.92200 0.21600 0.81900 0.24800 0.37816   0   0 bad  
0490-553-51929 1.08650 19.02 0.45449   C    M 1.80700 0.24700 1.59900 0.28300 0.34593   0   0 good  
1682-307-53173 1.49650 18.59 0.99919   D    M 3.21200 0.24200 0.77100 0.20800 0.21858   0   0 bad  
0393-572-51794 2.14920 17.82 0.55129   C    M 1.43100 0.15000 1.64100 0.13400 0.60947   1   1 bad  
0281-196-51614 2.00530 18.82 1.98139   D    M 3.90600 0.41600 2.58100 0.72100 0.00799   0   0 bad  
1165-131-52703 1.96470 18.90 1.94723   C    M 4.28700 0.57000 2.24500 0.51800 0.00590   1   1 good  
0960-445-52425 0.65840 17.70 0.47477   D    M 0.88000 0.15800 0.53900 0.13900 0.11679   0   0 bad  
0471-328-51924 1.97450 19.43 0.64341   C    M 4.64500 0.58800 2.39100 0.33200 0.53227   1   1 unsure  
0751-016-52251 3.15080 18.95 1.22610   D    M 1.33000 0.29700 1.10500 0.32500 0.55325   0   0 bad  
0454-513-51908 1.73600 19.15 0.51084   C    M 3.79300 0.51300 3.35400 0.63700 0.53265   0   0 unsure  
0743-337-52262 1.12130 17.57 0.88741   C    M 0.77700 0.14600 0.21100 0.04900 0.11628   0   0 bad  
0826-444-52295 2.18980 19.04 1.78440   B    M 2.13400 0.37000 3.00400 0.66600 0.13510   0   0 bad  
0522-604-52024 1.82630 18.67 1.59593   A   MF 3.24000 0.42800 1.89100 0.47900 0.08481   1   1 good  
0885-213-52379 2.19470 18.11 0.77199   C    M 1.83700 0.12400 1.31500 0.12100 0.52945   0   0 bad  
0986-614-52443 1.56400 18.58 0.39803   C    M 5.45900 0.39600 5.97700 0.34800 0.54166   1   1 bad  
0646-264-52523 1.49680 18.79 1.49287   A  MCF 0.84700 0.15500 0.63100 0.20100 0.00156   0   0 good  
