1006-399-52708 1.43150 19.06 1.15555   B    M 2.65000 0.45700 1.60700 0.34900 0.11987   0   0 good
1421-569-53149 2.44790 18.16 1.14079   C    M 1.92400 0.24500 0.89200 0.18100 0.44352   0   0 good
0876-026-52669 1.42280 17.82 1.11039   A   MF 2.22900 0.28500 1.02200 0.18000 0.13719   0   0 good
0269-379-51910 1.35890 18.27 1.28719   C    M 1.24100 0.17500 0.89900 0.16700 0.03084   0   0 good
0393-079-51794 1.25530 17.79 1.11120   A   MF 2.05900 0.29000 1.25000 0.20900 0.06593   0   0 good
0473-296-51929 1.66910 17.55 0.71073   C    M 0.88500 0.08400 0.40800 0.07500 0.41763   0   0 good
0937-589-52707 3.05370 19.27 1.40426   B   MF 2.47800 0.33000 2.23100 0.35000 0.47955   0   0 good
0849-584-52439 4.10100 18.71 1.82002   A   MF 9.81900 0.65900 12.55200 0.88800 0.53183   0   0 good
0459-056-51924 1.53320 19.26 1.36848   C    M 2.67500 0.41500 2.31900 0.38300 0.06712   0   0 good
0613-379-52345 2.75940 19.08 1.68428   A   MF 6.87000 0.49500 5.87900 0.68800 0.32466   0   0 good
0279-330-51984 3.93380 18.57 1.47948   A   MF 1.83700 0.16600 1.92900 0.22200 0.59674   0   0 good
1020-386-52721 1.86110 19.28 1.51140   C    M 3.72300 0.42700 3.87700 0.45700 0.12964   0   0 good
1374-319-53083 1.82920 19.06 1.32370   C    M 3.31800 0.51700 2.47300 0.52200 0.19432   0   0 good
0847-407-52426 1.63750 19.49 1.22143   A   MF 4.21100 0.44400 3.75300 0.41400 0.16999   0   0 good
1697-238-53142 2.44750 19.12 1.68690   A    M 2.70400 0.39700 2.90800 0.37100 0.24424   0   0 good
0339-155-51692 1.72590 18.36 1.67468   A   MC 3.02500 0.32800 2.20000 0.29800 0.01896   0   0 good
0457-585-51901 1.32080 18.43 0.74080   A   MF 2.39600 0.17900 2.10000 0.16500 0.27991   0   0 good
1392-611-52822 1.52930 18.79 0.42326   C    M 2.65600 0.34700 2.48300 0.43500 0.51901   0   0 good
1384-134-53121 1.79670 18.57 0.93856   B    M 2.02200 0.24700 1.49900 0.27500 0.35091   0   0 good
0480-412-51989 1.86070 18.32 0.91145   A   MF 4.70400 0.20900 4.84000 0.23600 0.38268   0   0 good
0981-202-52435 2.70990 18.34 1.92496   B    M 3.11100 0.39100 2.88100 0.45700 0.23333   0   0 good
0827-001-52312 1.16210 17.98 1.12614   A   MF 5.23300 0.16500 5.11300 0.14900 0.01677   0   0 good
1436-465-53054 1.98150 18.70 1.87229   A  MCF 4.09000 0.64200 4.53800 0.47700 0.03731   0   0 good
0730-184-52466 2.17740 19.03 1.52591   A  MCF 5.22200 0.34800 5.58900 0.35500 0.22552   0   0 good
1267-120-52932 1.48170 18.74 0.93911   C    M 1.79500 0.30700 1.49100 0.29200 0.24181   0   0 good
1454-436-53090 1.70990 17.98 1.05322   A   MF 9.99200 0.25100 8.70300 0.27500 0.27058   1   1 good
0794-490-52376 1.90060 19.13 1.34444   A   MF 5.95300 0.44900 5.44000 0.39700 0.20971   0   0 good
1351-410-52790 1.87940 17.83 0.42681   C    M 1.55700 0.20500 0.70800 0.13100 0.60573   0   0 good
0425-348-51898 1.62960 19.34 1.56082   A   MF 4.40300 0.41900 2.85500 0.35500 0.02650   0   0 good
1234-445-52724 1.43830 18.44 1.26331   C    M 1.05100 0.22700 1.21700 0.23500 0.07434   0   0 good
1223-236-52781 1.96320 19.07 1.28418   B    M 2.71300 0.35600 2.25100 0.43000 0.25455   0   0 good
0961-284-52615 1.27270 18.89 0.85955   C    M 2.03800 0.25500 1.15300 0.24500 0.19798   0   0 good
0989-257-52468 2.01720 17.87 1.71440   C   MC 1.73200 0.16100 1.30600 0.39600 0.10537   0   0 good
0427-100-51900 1.34500 18.28 0.41867   C    M 2.60500 0.27400 2.69000 0.23700 0.46413   0   0 good
1330-338-52822 2.05570 19.18 0.69176   A    M 1.58300 0.21600 1.38300 0.20700 0.53079   0   0 good
0541-227-51959 1.97060 17.90 0.89886   B    M 1.19500 0.08500 0.89200 0.09800 0.41986   0   0 good
0390-026-51900 2.39700 18.83 0.89706   C    M 1.70100 0.22200 1.38300 0.27300 0.52454   0   0 good
0409-412-51871 3.01980 18.59 1.36646   A   MF 4.54900 0.21200 4.16100 0.22100 0.48525   0   0 good
1306-402-52996 1.86150 17.81 0.97216   A   MF 1.90000 0.12200 1.83100 0.14900 0.35594   0   0 good
0917-591-52400 2.04340 18.91 1.55989   A   MC 2.37200 0.31300 1.25200 0.26800 0.17129   0   0 good
0747-162-52234 1.12850 19.06 0.51718   C    M 1.95300 0.45700 1.50700 0.34700 0.32620   0   0 good
1215-256-52725 1.38170 18.76 0.61197   C    M 0.86900 0.15300 0.99400 0.20300 0.37166   0   0 good
1363-475-53053 1.80390 18.11 1.73723   B   MC 1.23700 0.23600 0.85600 0.18000 0.02405   0   0 good
1696-434-53116 3.15190 19.28 1.59932   A   MF 8.31800 0.62200 8.29300 0.76500 0.43684   0   0 good
0335-421-52000 1.86840 18.40 1.71802   A  MCF 10.62400 0.85900 8.44800 0.64500 0.05379   0   0 good
0757-020-52238 3.31370 18.85 1.54844   B    M 1.55100 0.26800 1.22200 0.26100 0.48256   0   0 good
0550-331-51959 1.18920 19.31 0.93661   B    M 1.25400 0.18900 1.92900 0.29100 0.12201   0   0 good
1594-048-52992 1.71260 19.06 0.44648   B    M 2.51300 0.50500 2.37600 0.42000 0.55720   1   1 good
0402-271-51793 2.09940 19.39 2.00125  C*    M 3.54300 0.72700 19.10400 1.88300 0.03218   1   1 bad
1007-323-52706 1.82020 18.17 1.14421   C    M 1.70700 0.36600 0.40300 0.10000 0.26739   0   0 bad
1205-372-52670 1.76600 18.94 1.76447   A   MC 3.67100 0.37400 2.13400 0.48100 0.00057   0   0 good
0602-450-52072 1.97690 18.66 1.82156   D    M 4.43400 0.66200 4.03100 1.07400 0.05353   0   0 bad
1267-307-52932 2.07250 18.96 0.49015   E    M 1.09500 0.22100 1.86300 0.52900 0.61915   0   0 bad
0881-243-52368 2.34800 18.45 1.34292   D    M 1.23000 0.21500 0.81100 0.21500 0.34254   0   0 bad
1679-322-53149 1.92180 17.89 1.42475   D    M 0.39000 0.06200 0.27500 0.08900 0.18435   0   0 bad
0392-316-51793 1.77420 18.96 1.70496   B    M 1.44800 0.24900 1.50400 0.32300 0.02527   1   1 bad
0354-193-51792 2.24540 18.40 0.88340   A   MF 8.88700 0.37600 10.79000 0.37500 0.49612   0   0 good
1414-639-53135 1.94580 18.73 0.57374  C*    M 6.27000 1.54100 13.99400 4.14600 0.55592   0   0 bad
0598-375-52316 2.15820 19.57 0.40337   C    M 1.77900 0.44400 1.56400 0.39200 0.67022   0   0 unsure
0441-320-51868 1.99460 17.97 0.63211   D    M 0.53700 0.12700 0.16100 0.05100 0.54197   0   0 bad
1416-398-52875 1.84800 18.88 1.70373   C    M 2.54000 0.41100 3.32100 0.66500 0.05192   1   1 bad
1221-171-52751 1.66040 18.28 1.65540   A   MF 2.58800 0.21100 2.68200 0.32400 0.00187   0   0 good
0537-203-52027 2.69720 19.33 1.93432   A   MF 4.51500 0.80800 4.34400 0.88100 0.22709   0   0 good
0960-318-52425 3.14000 18.56 1.50215  E*    M 0.40400 0.09900 0.68300 0.20600 0.46489   1   1 bad
1004-308-52723 2.59060 19.15 1.99939   C    M 3.75900 0.74400 3.31200 0.99800 0.17801   0   0 bad
1046-119-52460 2.55780 17.46 0.94227   E    M 1.23400 0.09200 0.39900 0.07300 0.54079   0   0 unsure
0285-540-51930 1.99060 17.02 0.48505   E    M 0.64300 0.09600 4.44800 0.19100 0.60437   1   1 bad
0597-588-52059 0.45290 19.12 0.37054   D    M 1.47600 0.28500 1.16800 0.37800 0.05831   0   0 bad
0367-506-51997 2.11320 18.53 0.89501   E    M 2.41000 0.28300 3.20400 0.30700 0.45930   1   1 bad
1584-524-52943 1.86530 19.17 1.77304   D    M 4.78700 0.51500 2.02900 0.55500 0.03270   0   0 bad
1385-619-53108 2.02480 18.68 1.29067   D    M 0.61200 0.14700 0.47300 0.15000 0.27106   0   0 bad
0281-232-51614 1.91280 18.08 1.27918   C    M 1.12800 0.25100 0.26700 0.06200 0.24050   0   0 bad
0540-247-51996 2.28350 18.17 1.35845   C    M 1.27200 0.19000 0.79500 0.15300 0.31933   0   0 good  
0949-630-52427 1.47940 18.28 1.46362   D    M 1.17800 0.17800 0.23800 0.07000 0.00639   0   0 bad  
0877-577-52353 1.84440 19.06 0.99195   C    M 1.72600 0.27600 1.27400 0.24400 0.34191   0   0 bad  
1307-497-52999 2.13690 18.16 0.39945   E    M 2.04200 0.15300 1.20400 0.16000 0.66803   0   0 bad  
0778-357-52337 2.08580 19.47 0.41765   C    M 2.08300 0.38300 1.38600 0.34700 0.65145   0   0 bad  
1214-145-52731 1.47200 18.93 0.75520   D    M 1.67900 0.41500 1.29700 0.38400 0.32966   0   0 good  
0640-275-52178 1.77220 17.08 0.50548   C    M 0.73900 0.16200 0.18300 0.04300 0.54450   0   0 unsure  
1699-624-53148 1.96650 18.89 1.77665   D    M 3.07900 0.66000 1.99600 0.51900 0.06603   0   0 bad  
0273-621-51957 2.22900 19.19 1.39204   C    M 0.99900 0.24900 1.27300 0.32200 0.29134   0   0 bad  
0788-130-52338 1.82310 18.56 0.58384   C    M 1.04600 0.23800 0.90900 0.19100 0.52119   0   0 unsure  
0552-153-51992 1.42340 18.00 1.32414   D    M 0.22500 0.05300 0.17300 0.04800 0.04180   0   0 bad  
1223-307-52781 2.02770 19.11 0.92444   B    M 2.08400 0.48300 1.27600 0.25000 0.42449   0   0 bad  
0483-080-51924 1.61540 19.35 0.39016   D    M 3.12400 0.64700 3.18300 0.97700 0.55943   0   0 bad  
0295-636-51985 2.40510 18.10 1.28974   C    M 0.48200 0.10500 0.38100 0.05800 0.37723   0   0 bad  
0631-369-52079 1.54670 17.36 1.54503   A   MC 1.18700 0.09800 1.19100 0.09800 0.00067   0   0 good  
1316-337-52790 2.57380 18.78 1.38682   C    M 1.32400 0.27200 1.08600 0.22500 0.38307   0   0 bad  
0721-324-52228 3.00660 18.87 0.85091   D    M 0.62900 0.14100 0.73700 0.20400 0.64825   1   1 bad  
1202-520-52672 1.51590 19.65 0.39994   D    M 1.36800 0.32300 1.04600 0.32800 0.52716   0   0 good  
0907-618-52373 1.84940 18.97 1.14804  C*    M 1.89500 0.36500 1.44900 0.40600 0.27528   0   0 unsure  
0942-366-52703 1.69010 18.47 0.48045   E    M 7.80200 0.53300 6.69000 0.47400 0.53509   1   1 bad  
1436-476-53054 4.13060 17.31 1.40559  C*    M 1.09000 0.09800 0.45900 0.14200 0.63956   0   0 bad  
1395-300-52825 3.23810 18.99 1.00216   C    M 10.25200 1.13200 8.30900 0.86100 0.63508   1   1 bad  
0533-285-51994 0.88050 18.79 0.43613   D    M 1.54700 0.34600 0.49900 0.16600 0.26326   0   0 bad  
0521-133-52326 1.50130 19.16 0.41979   C    M 1.29200 0.30200 1.73100 0.40700 0.51264   0   0 bad  
0953-081-52411 2.57360 19.11 1.79908   C    M 4.28700 0.85600 3.43000 0.74800 0.23953   0   0 bad  
0612-020-52079 1.33610 18.87 1.27469   D    M 1.04000 0.25000 0.70400 0.19500 0.02662   0   0 bad  
0515-043-52051 1.01060 18.05 0.38735   D    M 0.84400 0.20900 0.75700 0.21300 0.35490   1   1 unsure  
0515-329-52051 0.98860 18.09 0.43198   D    M 0.36400 0.06100 0.33800 0.09700 0.31706   0   0 bad  
