2636-337-54082 3.02070 19.82 2.75703   D    C 1.82400 0.31600 1.22400 0.33400 0.06772   0   0 good
1646-156-53498 2.50110 17.76 2.31636   C    C 2.00900 0.14100 1.54000 0.14500 0.05414   0   0 good
0473-233-51929 2.09580 18.66 1.62009   A    C 2.55900 0.24100 1.65400 0.28500 0.16530   0   0 good
2499-172-54176 2.15910 18.81 1.69181   C    C 4.82700 0.46600 2.47300 0.34000 0.15872   0   0 good
0716-385-52203 1.93080 16.95 1.85278   A   MC 1.17700 0.06900 0.85100 0.07000 0.02698   0   0 good
0612-006-52079 1.98930 19.11 1.94566   A    C 3.01700 0.31900 3.20300 0.38500 0.01472   0   0 good
0960-018-52425 2.47900 18.54 2.43483  C*    C 1.22600 0.19200 1.38900 0.20300 0.01279   0   0 good
1284-066-52736 4.39270 19.76 3.96911   C    C 5.11800 0.88200 5.21800 1.07500 0.08162   0   0 good
2598-090-54232 2.37580 19.13 2.30704   B    C 3.08500 0.18100 2.63500 0.20900 0.02058   0   3 good
2598-160-54232 2.16800 18.97 1.68906   B    C 2.63700 0.30600 2.07900 0.35000 0.16246   0   0 good
0967-122-52636 3.36740 18.49 3.10580   B    C 2.29900 0.21200 1.11000 0.22100 0.06170   0   0 good
2271-153-53726 2.71890 19.11 2.21838   D    C 2.64800 0.40800 1.46600 0.40800 0.14355   0   0 good
1685-105-53463 2.49160 18.29 2.21631   C    C 2.17800 0.22300 1.38400 0.21900 0.08194   0   0 good
0682-483-52525 1.90490 19.10 1.78915   C    C 1.49500 0.28100 1.91600 0.35100 0.04064   0   0 good
1851-438-53524 2.37770 18.12 2.16560   C    C 0.78200 0.16500 0.77400 0.15800 0.06476   0   0 good
1585-395-52962 3.16990 18.28 2.99347   A    C 2.57100 0.21500 1.81000 0.17300 0.04321   0   0 good
0946-431-52407 1.90390 17.65 1.85206   A  MCF 2.27700 0.10400 1.82000 0.09700 0.01801   0   0 good
0546-157-52205 2.20340 19.16 1.97918   A    C 6.35700 0.39700 6.27700 0.44000 0.07243   0   0 good
1448-223-53120 3.31590 19.34 3.18674   A    C 1.65000 0.29700 1.45400 0.34200 0.03038   0   0 good
0770-580-52282 1.94360 18.85 1.74361   C    C 2.25900 0.21300 2.40700 0.23300 0.07025   0   0 good
1569-420-53168 1.91760 18.49 1.60860   A  MCF 3.14300 0.28600 3.12500 0.32500 0.11148   0   0 good
0382-411-51816 2.62270 18.03 2.20289   D    C 0.90700 0.16900 0.56700 0.17900 0.12255   0   0 good
2350-458-53765 1.93210 15.62 1.60795   C    C 1.03600 0.06400 0.68700 0.06700 0.11664  10   3 good
1907-469-53315 2.50330 18.45 2.40676   A   CF 1.97600 0.10200 1.19700 0.10100 0.02793   0   0 good
2330-315-53738 2.34340 19.30 2.29231   B    C 3.49100 0.18500 2.94000 0.16000 0.01540   0   0 good
0382-389-51816 2.08730 15.99 1.68719   C    C 1.11300 0.06100 0.97200 0.07000 0.13793   0   0 good
1163-590-52669 2.00830 18.90 1.94481   C    C 4.97900 0.28800 4.33300 0.28600 0.02133   0   0 good
0500-171-51994 1.97100 17.57 1.82668   C    C 1.24100 0.12500 0.71700 0.11300 0.04975   0   0 good
0888-319-52339 1.92410 16.93 1.51318   C    C 2.99100 0.11500 2.84500 0.12400 0.15028   0   0 good
2345-342-53757 2.02390 18.73 1.66325   B    C 1.31200 0.27000 0.61500 0.11600 0.12633   0   0 good
2271-153-53726 2.71890 19.11 2.64973   A    C 1.59100 0.22400 1.47800 0.28600 0.01877   0   0 good
0611-241-52055 1.78760 19.10 1.71893   C    C 2.92800 0.30700 2.74600 0.37400 0.02495   0   0 good
2439-633-53795 2.77950 19.15 2.28058   C    C 2.17800 0.32200 1.16300 0.27800 0.14063   0   3 good
1970-098-53386 3.13070 19.29 2.96136   A    C 3.03500 0.44500 2.06100 0.52000 0.04184   0   0 good
0435-489-51882 2.42140 18.84 2.03024   B    C 3.55300 0.22200 3.94100 0.24400 0.12080   0   0 good
1992-153-53466 1.98740 17.45 1.87672   B    C 0.91900 0.13900 0.22300 0.05100 0.03775   0   0 good
0777-201-52320 3.15740 18.71 2.87628   A    C 5.25900 0.35800 3.14900 0.30200 0.06990   0   0 good
1690-455-53475 1.72510 17.76 1.52745   C    C 2.19700 0.13400 1.74500 0.15200 0.07516   0   0 good
1812-078-53795 2.29770 18.75 2.16364   C    C 0.83400 0.15900 0.62000 0.12800 0.04147   0   0 good
2358-008-53797 2.16170 18.89 2.07848   B    C 1.84600 0.27500 0.92900 0.28000 0.02666   0   0 good
1933-394-53381 1.94580 18.82 1.86827   E    C 2.02300 0.24200 3.41400 0.34400 0.02665   0   0 good
2265-448-53674 2.42710 18.68 1.97375  C*    C 2.16000 0.33200 0.98600 0.29000 0.14094   0   0 good
0640-630-52178 1.95640 17.95 1.89404   A   MC 2.28500 0.19400 3.30300 0.23200 0.02133   0   0 good
1671-549-53446 1.88840 18.32 1.60066   A  MCF 2.05400 0.13700 1.54500 0.14100 0.10454   0   0 good
0826-429-52295 3.93300 19.07 3.77590   B    C 4.80100 0.58400 2.66200 0.56900 0.03236   0   0 good
0451-071-51908 2.27880 18.16 1.77445   A  MCF 5.16800 0.24200 5.60600 0.24500 0.16549   0   0 good
0293-127-51994 4.12030 18.55 3.35284   E    C 0.64400 0.16000 1.50900 0.17800 0.16097   0   0 good
1725-498-54266 3.99180 18.91 3.27715   C    C 2.37500 0.35000 2.38900 0.40700 0.15329   0   0 good
0589-481-52055 3.66680 18.20 2.99153   C    C 1.59400 0.17700 1.23600 0.18500 0.15503   0   0 good
2344-305-53740 1.85200 18.48 1.84963   C    C 2.41400 0.15700 1.69800 0.15100 0.00085   0   0 good  
1875-263-54453 2.24160 19.25 2.23412   C    C 1.26300 0.24300 0.94700 0.22300 0.00231   0   3 good  
0489-226-51930 2.17140 16.75 1.64864   C    C 0.50800 0.08700 0.34600 0.07800 0.17819   0   0 good  
2651-292-54507 2.15190 18.07 2.16202 C**    C 3.73800 0.11800 1.45300 0.07900 -0.00321  10   3 good  
2661-471-54505 2.27550 19.05 1.72758   C    C 2.70500 0.25200 1.96700 0.27900 0.18104   0   0 good  
2010-533-53495 1.77750 18.90 1.76479   C    C 2.05200 0.26000 2.67100 0.28900 0.00460   0   0 good  
2085-401-53379 2.49300 18.78 1.93802  C*    C 0.55300 0.12800 0.45500 0.13200 0.17133   0   0 unsure  
0309-466-51994 2.65320 19.26 2.00668   C    C 1.82200 0.17800 1.84400 0.27300 0.19234   0   0 good  
1150-471-52644 2.51350 20.01 2.50880  C*    C 2.48100 0.40900 2.04400 0.35600 0.00133   0   0 good  
2961-493-54550 1.76780 20.70 1.75613   A   MC 0.86700 0.19800 0.93300 0.17400 0.00423  10   3 unsure  
1805-446-53875 1.88180 18.81 1.65359  C*    C 1.24500 0.21900 0.71000 0.22500 0.08230   0   0 unsure  
1933-404-53381 2.02260 18.19 1.54162   A  MCF 3.32500 0.21900 2.43400 0.19200 0.17160   0   0 good  
1362-450-53050 1.72600 18.59 1.71548   C    C 0.75800 0.12600 0.52200 0.10200 0.00385   0   0 good  
0634-150-52164 2.27230 17.91 2.23766   E    C 0.99600 0.08600 0.18000 0.04300 0.01063   0   0 bad  
1158-159-52668 1.94400 18.49 1.92646   E    C 0.91500 0.15300 2.58500 0.23000 0.00598   0   0 unsure  
2915-208-54497 2.70600 20.00 2.10564   E    C 7.75100 0.89300 3.19100 0.55500 0.17492   0   0 bad  
0283-377-51959 2.89280 19.05 2.88686   B    C 1.41600 0.14300 0.83000 0.14000 0.00152   0   0 good  
1363-475-53053 1.80390 18.11 1.79694   A  MCF 1.49400 0.14800 0.79600 0.13200 0.00248   0   0 good  
2489-068-53857 1.69400 17.70 1.68979   C    C 1.60300 0.09100 1.32300 0.09000 0.00155   0   0 good  
0597-604-52059 2.40310 17.56 2.11785   D    C 0.77700 0.13200 0.27400 0.09100 0.08731   0   0 bad  
0987-079-52523 3.60150 18.57 2.78004   A    C 2.47000 0.35600 1.52400 0.34800 0.19415   0   0 good  
1853-520-53566 2.18890 19.19 2.14734   C    C 1.25500 0.25500 1.16300 0.23900 0.01312   0   0 good  
0550-598-51959 2.05540 18.35 1.60408   C    C 1.21500 0.15000 0.74300 0.15400 0.15847   0   0 good  
1847-413-54176 2.06910 18.02 1.52783   C   MC 1.58100 0.15700 1.46200 0.16900 0.19163   0   0 good  
2974-342-54592 1.79710 18.19 1.80905   C    C 0.89400 0.10800 0.49200 0.10200 -0.00426   0   0 good  
2369-314-53733 3.96970 20.19 3.18770   D    C 2.24300 0.48600 1.25900 0.37700 0.16956   0   0 bad  
2236-107-53729 2.85560 19.23 2.84704   B    C 1.35500 0.29400 0.79400 0.20200 0.00222   0   0 good  
1357-227-53034 1.91400 19.08 1.91551   A  MCF 5.26800 0.26100 4.54200 0.27400 -0.00050   0   0 good  
2025-266-53431 2.07730 18.63 2.05126   D    C 0.84800 0.11200 2.13900 0.24700 0.00848   0   0 good  
1050-294-52721 3.72490 19.25 3.72640   B    C 2.67700 0.47500 3.09600 0.41800 -0.00031   0   0 good  
1728-384-53228 1.76730 19.16 1.76001   B    C 1.32100 0.19000 1.03600 0.19400 0.00264   0   0 good  
1373-523-53063 2.44720 18.94 1.87252   C    C 1.68000 0.28700 2.04300 0.30200 0.18038   0   0 good  
2610-268-54476 2.94260 20.04 2.91012   D    C 5.27500 0.61200 1.08200 0.32300 0.00827   0   3 bad  
2577-596-54086 2.47150 18.29 1.93279   B    M 0.81900 0.11800 1.39300 0.14600 0.16705   0   0 good  
0344-398-51693 1.76300 18.61 1.75411   A  MCF 7.51300 0.34200 3.12600 0.21500 0.00323   0   0 bad  
1464-568-53091 2.31210 18.59 2.18864   D    C 0.79600 0.17500 0.56500 0.16500 0.03798   0   0 unsure  
1206-241-52670 2.25270 18.02 1.72750   D    C 1.46800 0.21400 0.31000 0.06800 0.17429   0   0 good  
2202-488-53566 2.15400 18.73 2.14010   B    C 0.77600 0.09000 0.89000 0.11700 0.00442   0   0 good  
2945-067-54505 2.62510 17.98 1.98213  C*    C 2.61700 0.08100 4.12700 0.07500 0.19280   0   0 unsure  
1369-606-53089 3.59580 18.25 2.85046   B    C 1.81900 0.18800 1.74900 0.21800 0.17513   0   0 good  
1376-539-53089 2.22380 18.96 2.20160   D    C 1.46400 0.22300 0.35000 0.10300 0.00690   0   0 good  
2237-218-53828 1.85910 19.16 1.85521   D    C 0.75800 0.14000 0.39500 0.11300 0.00135   0   0 unsure  
2119-527-53792 1.88940 18.66 1.86890   D    C 1.82500 0.13900 2.31100 0.12600 0.00710   0   0 bad  
2228-319-53818 1.79040 18.52 1.77323   C    C 1.62300 0.26900 2.26400 0.26000 0.00615  10   3 good  
0833-495-52314 1.86150 18.18 1.85717   C    C 1.12000 0.08900 0.89100 0.09300 0.00150   0   0 good  
1646-510-53498 2.99800 17.85 3.01895   D    C 0.84300 0.14100 0.54200 0.17500 -0.00523   0   0 unsure  
2639-355-54465 2.62490 19.36 2.60733   C    C 1.00700 0.18200 0.88900 0.14100 0.00486   0   0 good  
1690-413-53475 1.70960 19.03 1.71193   C    C 2.44900 0.20200 1.79800 0.20300 -0.00087   0   0 good  
1766-619-53468 1.85220 17.93 1.55874  C*    C 1.17600 0.28400 0.58200 0.19400 0.10816   0   0 unsure  
1946-592-53432 2.50350 19.10 1.88311   B    C 1.70300 0.29000 1.87900 0.31500 0.19247   0   0 unsure  
2695-101-54409 2.63090 19.40 2.56197   A   CF 1.27300 0.19800 0.81600 0.20200 0.01916   0   0 good  
