0631-480-52079 1.84440 19.02 1.67877   D    C 2.41500 0.50200 2.07000 0.57000 0.05991   0   0 good
1202-339-52672 2.09640 19.77 1.91716   B    C 3.51600 0.83100 2.27700 0.43100 0.05955   0   0 good
1451-140-53117 2.48440 17.94 2.28913   A   CF 0.91200 0.17400 0.67300 0.13900 0.05761   0   0 good
1705-446-53848 2.26770 19.11 2.17168   C    C 1.63400 0.32600 1.71400 0.32200 0.02981   0   0 good
2488-321-54149 1.80150 18.52 1.75919   A  MCF 2.52500 0.16800 2.08100 0.14600 0.01522   0   0 good
0619-202-52056 2.02140 18.64 1.96004   B    C 2.55400 0.20200 2.16400 0.20800 0.02053   0   0 good
1601-228-53115 2.00050 19.05 1.67562   C    C 1.47600 0.33100 1.84100 0.36900 0.11408   0   0 good
1463-502-53063 1.84720 18.54 1.81082   D    C 1.27000 0.18100 1.01000 0.27100 0.01285   0   0 good
2360-328-53728 2.20620 18.64 1.76822   D    C 0.97600 0.23600 1.41300 0.22200 0.14582   0   0 good
1762-379-53415 2.32960 18.34 2.10608   A    C 1.38500 0.15900 0.93000 0.15100 0.06937   0   0 good
1714-097-53521 2.24630 17.82 1.88669   C    C 0.75500 0.11100 0.66400 0.13800 0.11688   0   0 good
1678-533-53433 2.17460 18.81 2.11468   A    C 1.48700 0.27100 0.95000 0.21300 0.01905   0   0 good
0588-594-52045 2.90460 19.15 2.48461   C    C 1.98600 0.32300 0.97800 0.22400 0.11330   0   0 good
0901-577-52641 2.11930 18.89 1.81328   A    C 2.90300 0.20200 2.20200 0.25400 0.10288   0   0 good
1843-536-53816 3.03200 19.68 2.78366   D    C 2.08900 0.33100 1.86700 0.59300 0.06349   0   3 good
2593-345-54175 1.98720 17.29 1.60071   A  MCF 2.62700 0.11400 1.97100 0.11100 0.13767   0   0 good
0484-515-51907 1.95050 17.54 1.76035   C    C 1.19800 0.09200 0.65800 0.09600 0.06652   0   0 good
1312-640-52781 2.08040 19.50 1.83424   D    C 2.08300 0.49800 2.56600 0.65800 0.08311   0   0 good
0446-229-51899 1.88000 18.86 1.74941   B   MC 3.26400 0.24600 2.91800 0.26400 0.04638   0   0 good
2659-084-54498 2.05580 18.28 1.78968   C    C 0.79600 0.11500 0.74600 0.11600 0.09086   0   0 good
1748-085-53112 3.57350 19.81 3.27718   A    C 3.39300 0.62800 2.99200 0.85600 0.06689   0   0 good
1677-626-53148 2.18850 17.39 1.82012   B    C 0.98300 0.09500 0.69900 0.10600 0.12217   0   0 good
0541-476-51959 2.31880 18.56 2.02088   A    C 1.18800 0.08700 0.95900 0.09000 0.09379   0   0 good
1206-241-52670 2.25270 18.02 1.81443   B    C 1.07800 0.20800 0.83900 0.19800 0.14371   0   0 good
0904-096-52381 2.17310 17.82 1.83362   A  MCF 3.15900 0.14700 3.31900 0.16400 0.11268   0   0 good
0951-027-52398 1.84530 18.25 1.53920   A   MC 3.77200 0.33600 2.49800 0.34200 0.11334   0   0 good
2568-348-54153 2.23300 19.55 2.14239  C*    C 1.58700 0.27500 2.42700 0.32000 0.02842   0   3 good
1319-463-52791 2.20240 18.32 1.93030   A    C 3.37200 0.20000 2.75900 0.22200 0.08855   0   0 good
1456-428-53115 1.77510 17.86 1.60375   C    C 1.08800 0.14200 0.63500 0.13400 0.06365   0   0 good
2524-005-54568 2.28860 18.93 2.24871   C    C 2.36500 0.26300 2.51200 0.28600 0.01220   0   0 good
0791-465-52435 1.86180 18.35 1.55518   D    C 1.56800 0.35300 0.88800 0.25900 0.11284   0   0 good
1843-629-53816 3.14020 20.11 3.10006   A    C 2.98200 0.32000 2.40000 0.38700 0.00973   0   3 good
0988-432-52520 2.25690 17.71 1.79330   C    C 0.87600 0.12100 0.46400 0.09900 0.15236   0   0 good
0929-488-52581 1.77600 18.68 1.65562   C    C 1.91500 0.20300 1.95900 0.17800 0.04431   0   0 good
2511-552-53882 3.10970 17.16 2.81200   A    C 2.04200 0.15800 1.10600 0.15400 0.07506   0   0 good
0445-481-51873 2.02370 18.83 1.82705   A    C 0.98100 0.21900 0.95800 0.21600 0.06714   0   0 good
1009-350-52644 1.74560 18.83 1.54531   D    C 2.26000 0.30200 1.17900 0.31400 0.07560   0   0 good
2782-612-54592 2.54240 19.32 2.08233   B    C 3.37100 0.38500 2.36600 0.52500 0.13823   0   0 good
0859-359-52317 4.01850 19.22 3.40879   B    C 2.44600 0.37100 1.92800 0.41300 0.12881   0   0 good
0930-107-52618 1.88360 17.95 1.78068   C    C 0.71500 0.14000 0.57100 0.12300 0.03633   0   0 good
2203-628-53915 3.82130 19.17 3.47566   B    C 3.23300 0.42600 2.51600 0.40800 0.07426   0   0 good
0436-065-51883 2.09110 19.16 1.97652   D    C 2.03400 0.31100 0.72700 0.21400 0.03777   0   0 good
2033-499-53476 1.85360 18.87 1.82415   C    C 1.31700 0.20000 0.98400 0.19100 0.01037   0   0 good
2242-287-54153 1.78530 18.93 1.54611   D    C 1.89200 0.43200 1.25000 0.38300 0.08955   0   0 good
0634-150-52164 2.27230 17.91 2.22574   B    C 3.76000 0.11200 4.89100 0.12600 0.01432   0   0 good
2588-317-54174 3.32340 18.46 3.28672   A    C 5.30600 0.21400 5.01900 0.21400 0.00852   0   3 good  
1799-176-53556 2.95940 18.84 2.23505   C    C 1.75800 0.34000 0.54700 0.09700 0.19934   0   0 unsure  
0817-610-52381 2.14310 19.61 2.14227  C*    C 2.24300 0.36900 3.30600 0.37500 0.00027   0   0 good  
2164-219-53886 1.76250 17.87 1.76490   C    C 0.76200 0.08600 0.59800 0.09100 -0.00086   0   0 good  
0896-567-52592 3.74960 19.80 2.89859   B    C 8.13100 0.94700 4.51000 0.72500 0.19493   0   0 good  
1691-289-53260 3.35940 19.82 2.57929   C    C 2.57900 0.63400 2.62900 0.61700 0.19465   0   0 good  
1398-348-53146 3.56670 19.51 3.52696   C    C 1.93800 0.35100 1.31500 0.31100 0.00875   0   0 unsure  
2020-068-53431 2.05030 18.89 2.04967   C    C 1.12100 0.15000 1.12400 0.17400 0.00019   0   0 good  
1941-225-53386 3.24750 19.73 3.24425   B    C 7.11700 0.50800 8.87500 0.66900 0.00077   0   0 good  
1799-054-53556 1.82770 18.93 1.77510   B    C 7.00700 0.42600 7.62600 0.46800 0.01876  10   3 good BAL
1788-569-54468 3.20960 18.37 3.23437   C    C 5.14100 0.28300 3.34800 0.23700 -0.00587   0   0 good  
1982-234-53436 2.03830 18.73 2.02970   D    C 1.28800 0.17000 0.59900 0.17900 0.00285   0   0 good  
2970-277-54589 2.52840 18.43 1.95742   B    C 0.98400 0.15000 0.64600 0.13300 0.17472   0   0 good  
2280-247-53680 2.23650 19.12 2.20778  C*    C 3.22400 0.38400 2.91100 0.28100 0.00891   0   3 good  
1676-013-53147 1.86560 18.51 1.86396   D    C 0.71400 0.10200 0.66700 0.17600 0.00056   0   0 good  
1414-422-53135 2.33580 18.16 1.79847   C    C 1.08500 0.13900 1.09400 0.19700 0.17384   0   0 good  
2947-232-54533 2.10940 17.88 2.11638   B    C 0.42800 0.08000 0.40200 0.07300 -0.00224   0   0 good  
0963-592-52643 1.82170 18.75 1.81553   C    C 2.49900 0.37700 1.92600 0.28400 0.00220   0   0 good  
0780-612-52370 1.76890 19.57 1.76492   A   CF 1.91000 0.27000 1.62700 0.21000 0.00144   0   0 good  
0686-004-52519 3.61310 19.94 3.39978   A    C 4.67200 0.54300 2.07800 0.40000 0.04732   0   0 unsure bad continuum fit
1400-461-53470 3.09710 18.68 3.09712   C    C 1.90800 0.19700 1.15500 0.20100 -0.00001   0   0 good  
0812-159-52352 2.99540 18.98 2.97312   C    C 1.91600 0.24100 1.08300 0.22400 0.00560   0   0 good  
2202-269-53566 2.02960 19.04 2.03448   D    C 1.15000 0.18800 0.72300 0.20900 -0.00162   0   0 good  
2870-583-54534 2.59380 19.17 2.61033   C    C 1.48400 0.16600 0.69700 0.08900 -0.00459   0   0 bad bad cont
1984-210-53433 2.00350 19.34 1.97702   C    C 2.91600 0.37700 1.92800 0.32100 0.00885   0   0 good  
1408-299-52822 3.44610 18.71 3.24121   D    C 1.51100 0.34600 0.98800 0.25200 0.04714   0   0 unsure  
2603-012-54479 1.92830 19.16 1.90192   B    C 5.11200 0.28500 3.22000 0.22800 0.00905  10   3 good  
0766-032-52247 2.47180 18.78 2.45912   B    C 3.24400 0.13100 6.00000 0.16500 0.00366   0   0 good  
2235-338-53847 2.03480 19.00 2.03567   C    C 2.47400 0.19400 1.64600 0.18500 -0.00030   0   0 good  
0624-072-52377 1.98460 17.41 1.97828   B    C 2.87200 0.08300 1.79200 0.08500 0.00213   0   0 good  
0371-452-52078 1.83600 18.16 1.46487   A   MF 0.73200 0.13900 0.98600 0.24300 0.13933   0   0 good  
1116-315-52932 1.78270 19.39 1.69059  C*    C 2.08000 0.34200 1.11400 0.29700 0.03363   0   0 bad bad cont fit
1794-442-54504 3.30470 18.83 2.84312   A    C 3.34200 0.40300 1.97400 0.39500 0.11294   0   0 good  
0847-616-52426 2.33180 18.27 2.34260   D    C 0.28800 0.05300 1.16200 0.26300 -0.00324   0   0 good  
1749-155-53357 3.11600 18.88 2.43008   E    C 1.35500 0.20400 2.14600 0.33400 0.18030   0   0 good  
0550-178-51959 2.39660 19.84 2.02104   D    C 2.92800 0.55900 1.36600 0.35900 0.11665   0   0 good  
2068-293-53386 2.18620 20.03 2.15963   B    C 1.73400 0.25600 1.01100 0.22700 0.00837   0   0 good  
2025-266-53431 2.07730 18.63 2.05126   D    C 0.84800 0.11200 2.13900 0.24700 0.00848   0   0 good  
2018-532-53800 1.74500 18.86 1.73308   C    C 1.02700 0.15900 0.45200 0.08600 0.00435   0   0 good  
2172-465-54230 4.61180 18.00 3.89205   B    C 1.29600 0.18100 0.40600 0.09500 0.13641   0   0 good  
1426-041-52993 3.12910 17.52 3.13453  C*    C 2.80300 0.10600 1.06100 0.10900 -0.00133   0   0 good  
0440-052-51885 3.57410 18.89 2.82437   D    C 2.30100 0.40300 1.36400 0.36900 0.17713   0   0 unsure  
1838-190-53467 1.79060 18.73 1.79324   C    C 1.72200 0.12500 1.35500 0.14500 -0.00093   0   0 good  
0315-633-51663 1.75300 18.90 1.59031   C    C 2.44200 0.56300 1.92300 0.44800 0.06082   0   0 bad  
0435-544-51882 1.82390 18.73 1.81556   C    C 1.40100 0.30100 0.83600 0.18100 0.00295   0   0 good  
1829-208-53494 3.41850 19.91 3.35573   A    C 12.92000 0.75800 10.27200 0.64200 0.01430   0   0 good  
2749-420-54241 2.93220 19.25 2.91183   A    C 2.50800 0.24200 2.32300 0.26200 0.00519   0   0 good  
1044-192-52468 4.13390 19.35 4.12669   A    C 7.04200 0.60400 5.74600 0.60800 0.00141   0   0 good  
1569-311-53168 1.73220 17.36 1.71389   D    C 1.40000 0.11400 1.91900 0.14800 0.00672   0   0 good  
2024-022-53503 1.80880 18.77 1.80190   C    C 1.46900 0.20300 1.34500 0.19600 0.00245   0   0 good  
1712-085-53531 2.04170 18.82 2.01995   C    C 0.96000 0.17600 0.91000 0.15100 0.00716   0   0 good  
2707-020-54144 2.69800 19.70 2.64188   A    C 1.65400 0.33700 1.72400 0.31900 0.01529   0   0 good  
1801-578-54156 3.65900 19.89 3.42615   E    C 4.86000 0.68300 8.42700 1.03100 0.05123  10   3 bad  
0765-599-52254 1.98470 18.93 1.97476   C    C 1.12200 0.19800 1.55800 0.18300 0.00333   0   0 good  
1320-619-52759 2.07420 17.02 1.58172   A  MCF 2.02600 0.10800 0.65700 0.11100 0.17283   1   1 good  
