0965-629-52438 2.15830 17.99 2.15795   B    C 1.44300 0.08600 1.14300 0.09300 0.00011   0   0 good
0520-403-52288 2.52590 19.12 2.51775   E    C 1.98100 0.17800 7.74300 0.79500 0.00232   0   0 good
0968-454-52412 3.10080 19.08 2.99924   A    C 7.37500 0.76000 5.63800 0.53100 0.02508   0   0 good  
1266-477-52709 1.91320 18.26 1.76076   C    C 1.22200 0.15600 1.51800 0.17500 0.05369   0   0 good  
0394-336-51913 2.31950 18.17 1.64492  C*    C 0.68400 0.06000 0.86700 0.06400 0.22334   0   0 unsure  
1176-532-52791 3.18930 19.45 2.51085   C    C 2.05600 0.48000 2.76700 0.56000 0.17487   0   0 good  
1853-548-53566 3.14820 20.08 2.95056   C    C 3.17300 0.72500 4.30100 0.91400 0.04878   0   3 good  
1976-326-53401 2.13280 19.29 2.12523   A   CF 4.76500 0.25600 4.11900 0.23500 0.00243   0   0 good  
0473-203-51929 2.05740 18.31 2.02608  C*    C 0.50400 0.08000 2.94300 0.12200 0.01029   0   0 good  
1818-290-54539 2.46500 19.28 2.17853   A    C 6.13700 0.40400 5.85800 0.40100 0.08608   0   0 good  
2970-001-54589 2.06470 18.59 1.72343   C    C 1.54200 0.23900 1.01600 0.24900 0.11751   0   0 good  
1607-206-53083 2.22400 18.97 1.90858   D    C 1.44800 0.28900 0.66300 0.17800 0.10258   0   0 unsure  
1646-264-53498 1.87270 17.83 1.63874   B    C 1.60300 0.14400 1.30500 0.16300 0.08474   0   0 good  
1617-320-53112 1.71470 18.15 1.60502  C*  MCF 0.88500 0.13000 0.88600 0.20300 0.04122   0   0 good  
1693-371-53446 2.06700 18.13 2.05479  C*    C 2.60800 0.09400 2.47400 0.11900 0.00398   0   0 good  
1152-312-52941 2.47480 19.49 2.34780   B    C 2.05500 0.26700 0.83600 0.16700 0.03723   0   0 good  
2119-174-53792 2.35250 19.03 2.21641   D    C 0.65500 0.11200 0.91600 0.27000 0.04142   0   0 unsure  
1344-270-52792 2.26660 18.74 1.85302   A    C 3.60600 0.29600 2.96200 0.28700 0.13454   0   0 good  
0286-585-51999 2.71880 18.75 2.02400  C*    C 2.95000 0.27700 2.54000 0.32400 0.20392   0   0 good  
1990-218-53472 3.23430 19.32 3.21766   A    C 7.25800 0.22400 6.93200 0.20800 0.00394   0   0 good  
0295-636-51985 2.40510 18.10 1.71826   A  MCF 1.59100 0.12200 0.74300 0.10600 0.22154   0   0 good  
2765-627-54535 3.69550 20.01 3.59917  C*    C 4.60700 0.90300 1.89900 0.60500 0.02073   0   0 bad  
2586-063-54169 2.72110 18.45 2.22490   B    C 3.13900 0.18900 1.86100 0.20100 0.14215   0   0 unsure  
2101-494-53858 4.21860 18.88 3.77140   A    C 2.48300 0.42000 2.32200 0.68800 0.08934   0   0 good  
2136-243-53494 1.71140 18.30 1.68895   C    C 2.59800 0.18700 1.03200 0.14500 0.00832   0   0 good  
2244-405-53795 2.63090 19.00 2.11142   D    C 0.99800 0.24500 0.53100 0.16300 0.15319   0   0 bad  
1830-446-54560 2.61620 18.94 2.46697   C    C 2.00200 0.30400 1.24000 0.29700 0.04212   0   0 good  
0603-536-52056 3.28170 18.75 2.90618   B    C 2.30500 0.32900 1.06700 0.30600 0.09153   0   0 unsure  
2014-271-53460 1.85840 17.63 1.79783   C    C 0.87100 0.17300 0.85400 0.13900 0.02142   0   0 good  
0915-329-52443 1.97280 18.45 1.95547   C    C 1.50900 0.20200 1.01400 0.18800 0.00583   0   0 good  
1749-622-53357 1.83730 18.25 1.74373   A  MCF 1.50900 0.13400 1.44700 0.16100 0.03353   0   0 good  
1076-087-52914 2.76410 19.52 2.75372   A    C 1.43100 0.26100 1.09900 0.27900 0.00276   0   0 good  
0820-153-52438 2.11680 17.96 1.86767   D    C 0.91300 0.15000 0.43500 0.11900 0.08312   0   0 good  
2532-137-54589 2.24210 18.84 1.71090   D    C 0.72300 0.11300 0.99900 0.28300 0.17706   0   3 unsure  
2421-422-54153 2.50590 17.46 2.34443   B    C 1.94700 0.10100 1.19200 0.09600 0.04712  10   3 good  
1418-233-53142 2.89930 18.21 2.67959   A    C 2.61800 0.15400 1.87300 0.17300 0.05793   0   0 good  
1984-377-53433 3.87660 19.77 1.89927   A   MF 10.87900 2.02900 11.40400 2.01800 0.47769   0   0 good  
0510-028-52381 1.90250 18.38 1.46839   A   MF 2.18300 0.32100 1.22900 0.26500 0.16060   0   0 good  
1773-442-53112 1.98110 17.68 1.93653   C    C 0.86000 0.08400 0.72100 0.09600 0.01507   0   0 good  
2501-328-54084 2.79680 18.52 2.43393   B    C 0.27000 0.05900 0.80500 0.12900 0.10012   0   0 unsure  
0819-235-52409 2.24410 19.78 1.75601   B    C 3.44000 0.63000 3.86100 0.87900 0.16161   0   0 good  
0541-517-51959 2.09950 19.49 1.56677   A   MF 4.44200 0.33600 2.88900 0.37800 0.18638   0   0 good  
0646-619-52523 2.45990 17.70 1.57325   A   MF 2.06700 0.26100 3.56100 0.30800 0.28771   0   0 good  
0517-239-52024 2.03880 19.19 1.61775   C    C 1.45900 0.32600 1.69200 0.36600 0.14806   0   0 unsure  
1589-052-52972 1.74730 18.31 1.56091   B    C 0.92100 0.23000 1.47500 0.24800 0.07013   0   0 good  
0724-333-52254 1.94470 17.59 1.93667   E    C 0.39800 0.06700 0.36400 0.06400 0.00272   0   0 bad  
1766-619-53468 1.85220 17.93 1.55874  C*    C 1.17600 0.28400 0.58200 0.19400 0.10816   0   0 unsure  
0936-332-52705 2.79880 18.11 1.54451   D    M 2.13700 0.18500 2.72700 0.21000 0.38059   0   0 bad  
0573-394-52325 2.62500 18.70 1.99661   A    C 1.18800 0.18700 0.47700 0.08600 0.18810   0   0 good  
2218-226-53816 2.30460 18.43 2.05935   C    C 0.92300 0.14600 0.86600 0.15300 0.07695   0   3 good  
1421-463-53149 2.36950 17.75 2.14841   A    C 0.99300 0.13800 0.40700 0.09100 0.06775   0   0 good  
1162-190-52668 1.83930 18.41 1.55252   C    C 4.58600 0.33800 3.30400 0.34400 0.10606   0   0 good  
1913-334-53321 3.30000 19.81 2.41853   B    C 3.87500 0.33500 3.49700 0.35500 0.22546   0   0 unsure  
1876-506-54464 3.35990 19.79 2.60788   C    C 1.59900 0.36700 1.54100 0.31000 0.18710   0   0 bad  
0633-541-52079 2.15090 18.60 1.64765   A   MC 2.66300 0.32400 1.62000 0.24000 0.17227   0   0 good  
2527-587-54569 2.53180 18.36 2.50444   E    C 0.66300 0.13600 1.31600 0.11700 0.00778   0   0 unsure  
2243-485-53794 2.10890 18.70 2.03530   D    C 1.99900 0.25100 0.78900 0.20700 0.02395   0   0 unsure  
1974-133-53430 2.49010 18.84 2.44941   E   CF 4.11300 0.27200 0.93100 0.14700 0.01172   0   0 good  
0685-255-52203 2.26350 19.11 2.23074   B    C 1.28200 0.19500 0.70900 0.18000 0.01009   0   0 good  
0276-549-51909 4.04180 19.27 3.27164   B    C 2.59900 0.36800 1.88900 0.31100 0.16426   0   0 good  
2663-042-54234 2.15940 19.52 2.12410   E    C 0.95500 0.19000 1.70300 0.43200 0.01124   0   0 unsure  
1872-036-53386 2.07810 19.21 1.76578   B    C 1.37900 0.28400 1.75600 0.35100 0.10658   0   0 good  
1750-450-53358 2.17000 17.93 1.71386   A    C 3.20800 0.15300 2.27200 0.15700 0.15411   0   0 good  
1796-299-53884 2.14440 19.10 1.49432   D    M 1.16800 0.25700 0.64200 0.19500 0.22755   0   0 unsure  
1594-552-52992 2.07130 17.26 1.89141   A  MCF 1.15800 0.07300 0.70600 0.08200 0.06027   0   0 good  
1465-276-53082 2.81420 17.81 2.71997   A    C 3.29500 0.18000 2.35300 0.19100 0.02502   0   0 good  
2123-212-53793 2.36980 19.01 2.11924   C    C 2.31700 0.27900 2.20900 0.25700 0.07710   0   0 good  
0589-347-52055 1.93290 19.02 1.59810   D    C 1.38500 0.31200 0.88200 0.27700 0.12063   0   0 bad  
1446-526-53080 1.87090 18.11 1.87435   A   MC 2.81700 0.11200 2.38400 0.12200 -0.00121   0   0 good  
2769-249-54527 1.72690 19.15 1.72169   D    C 0.57800 0.13400 0.78000 0.22900 0.00191   0   0 bad  
1309-487-52762 2.24320 17.95 1.60122   B    C 0.54800 0.09700 0.59800 0.10100 0.21707   0   0 unsure  
2649-124-54212 2.49910 19.44 2.51508   C    C 1.01600 0.22700 0.81300 0.19600 -0.00456   0   0 good  
1976-319-53401 2.04120 18.15 1.53794   C    C 1.59300 0.24600 0.63500 0.15900 0.17894   0   0 good  
2770-341-54510 1.80350 18.88 1.81095  C*    C 0.79200 0.09800 0.48100 0.12300 -0.00265   0   0 unsure  
2440-297-53818 2.10020 19.04 1.92568   A    C 1.66700 0.24900 1.66400 0.30700 0.05788   0   0 good  
0463-429-51908 3.16210 19.69 2.98936  C*    C 4.57200 0.81400 2.24300 0.62800 0.04236   0   0 good  
2886-033-54498 2.37120 19.85 1.74884   A   MC 2.45900 0.39600 2.45500 0.55300 0.20130   0   0 good  
2366-191-53741 3.67050 18.90 2.16347   A    F 1.98500 0.31200 6.14700 0.39000 0.37101   0   0 unsure  
1958-626-53385 1.92240 19.89 1.68856   A    C 2.24200 0.52600 1.49400 0.41100 0.08320   0   0 good  
0462-341-51909 2.28650 19.24 2.26019   B    C 0.89600 0.19400 0.95500 0.17400 0.00803   0   0 good  
2516-125-54240 2.06010 18.29 2.05427   B    C 2.67600 0.18100 2.42100 0.15900 0.00191   0   3 good  
0697-378-52226 2.37690 19.22 2.31036   C    C 4.18100 0.43700 1.50800 0.22400 0.01991   0   0 good  
1594-451-52992 2.58210 17.76 1.98050   B    C 1.15600 0.10700 0.97200 0.09600 0.18180   0   0 good  
1177-055-52824 2.31850 18.74 2.28324   C    C 1.42300 0.21300 1.14000 0.20600 0.01069   0   0 good  
1849-631-53846 3.46760 18.69 1.91536   C    M 3.08600 0.48300 1.36500 0.24900 0.40269   0   3 unsure  
2086-541-53401 3.31740 17.89 1.98727   A    F 7.50000 0.27200 3.03400 0.22300 0.35251   0   0 good  
1158-140-52668 2.91600 16.91 2.62780   B    C 1.05700 0.10000 0.60700 0.14700 0.07629   0   0 good  
2650-186-54505 3.60980 19.95 3.46418  C*    C 1.99000 0.47500 2.74400 0.74100 0.03209   0   0 unsure  
0495-494-51988 2.44960 17.94 1.91679   C    C 0.55200 0.13500 0.79500 0.15300 0.16621   0   0 bad  
0945-573-52652 3.75720 19.71 3.42353   A    C 4.25500 0.64100 1.90500 0.45800 0.07258   0   0 unsure  
2212-203-53789 3.56150 18.17 2.85058   A   CF 1.30600 0.22300 0.97100 0.17100 0.16783   0   0 good  
2504-282-54179 2.17920 18.00 1.84616   C    C 0.97800 0.13700 0.74700 0.14000 0.11021  10   3 good  
1697-404-53142 2.19400 18.84 2.05823   A    C 4.09000 0.34700 2.95900 0.31000 0.04342   0   0 good  
1798-561-53851 2.28540 18.33 2.26861   A    C 1.53000 0.12700 0.61500 0.08600 0.00513   0   0 good  
1211-592-52964 2.07800 18.19 2.01878   A   MC 1.34100 0.13800 1.00800 0.13900 0.01941   0   0 good  
0699-469-52202 2.03390 19.16 1.92650   C    C 2.06900 0.32800 1.86300 0.37500 0.03601   0   0 good  
1581-220-53149 2.55120 17.41 2.51525   A    C 1.41200 0.11300 0.80700 0.09700 0.01019   0   0 good  
1326-489-52764 2.24390 19.09 2.14563   C    C 3.96600 0.42800 2.47700 0.39300 0.03075   0   0 good  
2521-446-54538 3.31340 20.04 3.21111   A    C 2.15200 0.37700 1.26000 0.31300 0.02399   0   0 good  
0275-389-51910 2.55500 19.27 2.52422   E    C 1.89700 0.26300 1.70900 0.30200 0.00871   0   0 good  
